-0.55822363291793997 1.4417258435214000
-0.69684275371838600 1.3023337896763896
-0.83203503951224056 1.1596385551761030
-0.94274548355868637 0.99792440654274284
-0.94444811216361846 0.80528902723558482
-0.83736475364059870 0.64152524936996003
-0.66867719175776374 0.54244649586416438
-0.47672134095157398 0.50152453797274499
-0.28078119598121870 0.48579369861489247
-8.47936771198902484E-002 0.47058432596867555
0.10311318815646220 0.41766395483835322
0.22569351757793371 0.26590370917978429
0.34495499147702152 0.11059559105606331
0.52573963319118289 3.82555265772651781E-002
0.62349940310455998 2.80377586440909987E-002
