-5.582236329179400824e-01 1.441725843521400208e+00
-5.956672376854047490e-01 1.402795129384025508e+00
-6.341772350693548610e-01 1.364162414616997498e+00
-6.732427781133210054e-01 1.325615056840792727e+00
-7.123530198608333253e-01 1.286940413675889072e+00
-7.509971133554209644e-01 1.247925842742761970e+00
-7.886642116406147318e-01 1.208358701661889301e+00
-8.248434677599443265e-01 1.168026348053747610e+00
-8.590573545048458826e-01 1.126648304596720163e+00
-8.910787056387420302e-01 1.083434389571523937e+00
-9.207941950132491060e-01 1.037362656726555254e+00
-9.480850687013457900e-01 9.874154387324683979e-01
-9.716108852516195382e-01 9.336836571195779033e-01
-9.873298182607013196e-01 8.787095355749298120e-01
-9.908382722233227691e-01 8.253635758338675465e-01
-9.778817991622775763e-01 7.764553339666702136e-01
-9.485646209641523940e-01 7.330132970772537115e-01
-9.079377475615543203e-01 6.940445624998859975e-01
-8.613195510779467767e-01 6.584469762339570931e-01
-8.138884181466071732e-01 6.251659551986127328e-01
-7.675835930412114871e-01 5.942476659768801683e-01
-7.210943205390306643e-01 5.668427143693679504e-01
-6.729676884921691471e-01 5.441500150097714483e-01
-6.220602368755808742e-01 5.270527939332737555e-01
-5.688351580159186627e-01 5.147952455066514554e-01
-5.142754515828784623e-01 5.060912809300599502e-01
-4.593590429262131569e-01 4.996594826822834956e-01
-4.047010280881412903e-01 4.945542265602318466e-01
-3.503281708609862766e-01 4.903743814165054671e-01
-2.962134668322253805e-01 4.867685778058055135e-01
-2.423070154730732062e-01 4.833771653865286955e-01
-1.883337752692633149e-01 4.797590665071633786e-01
-1.338908234516710538e-01 4.754269523791666008e-01
-7.857444663393570172e-02 4.698924526103314125e-01
-2.265350943134964226e-02 4.621636547498976788e-01
3.167025079203287380e-02 4.498015536375009060e-01
8.185001416751901127e-02 4.301087896106517983e-01
1.254571350661048412e-01 4.005390823224233010e-01
1.623940094600997697e-01 3.615262608862680471e-01
1.946974315331511107e-01 3.162328660346173659e-01
2.244829452486278576e-01 2.679221157951585108e-01
2.538688362354140637e-01 2.197035581812560867e-01
2.849858094646861018e-01 1.739906386010955930e-01
3.199680847669026940e-01 1.329997950331867906e-01
3.609148834938212258e-01 9.892054593547386365e-02
4.082880486352748473e-01 7.268358771913248362e-02
4.602467903252797643e-01 5.344934483382000195e-02
5.147774014056316627e-01 4.024530232753990855e-02
5.698661747181266168e-01 3.209894524829574880e-02
6.234994031045599794e-01 2.803775864409099872e-02
