-5.582236329179399714e-01 1.441725843521399986e+00
-5.629695758723998189e-01 1.436977095792911774e+00
-5.677093914022164345e-01 1.432235709811836344e+00
-5.724431580456774693e-01 1.427501297940721336e+00
-5.771709543410707965e-01 1.422773472542113726e+00
-5.818928588266844004e-01 1.418051845978561376e+00
-5.866089500408059321e-01 1.413336030612610594e+00
-5.913193065217234867e-01 1.408625638806809466e+00
-5.960240068077246045e-01 1.403920282923704299e+00
-6.007231294370970476e-01 1.399219575325842957e+00
-6.054167529481289112e-01 1.394523128375772858e+00
-6.101049558791079575e-01 1.389830554436040755e+00
-6.147878167683218376e-01 1.385141465869193400e+00
-6.194654141540587577e-01 1.380455475037779545e+00
-6.241378265746063692e-01 1.375772194304345497e+00
-6.288051325682521009e-01 1.371091236031438232e+00
-6.334674106732846033e-01 1.366412212581605390e+00
-6.381247394279909724e-01 1.361734736317393946e+00
-6.427771973706594144e-01 1.357058419601351096e+00
-6.474248630395773585e-01 1.352382874796024259e+00
-6.520678149730332329e-01 1.347707714263960632e+00
-6.567061317093145778e-01 1.343032550367707856e+00
-6.613398917867090443e-01 1.338356995469812460e+00
-6.659691737435047276e-01 1.333680661932822087e+00
-6.705940561179892789e-01 1.329003162119283710e+00
-6.752146174484509045e-01 1.324324108391744970e+00
-6.798309362731769223e-01 1.319643113112752619e+00
-6.844430911304555387e-01 1.314959788644854521e+00
-6.890511605585741828e-01 1.310273747350596762e+00
-6.936552230958211718e-01 1.305584601592528093e+00
-6.982553572804839348e-01 1.300891963733194379e+00
-7.028516416508504561e-01 1.296195446135143481e+00
-7.074441547452087198e-01 1.291494661160922375e+00
-7.120329751018465991e-01 1.286789221173079367e+00
-7.166181812590514122e-01 1.282078738534160323e+00
-7.211998517551113652e-01 1.277362825606712438e+00
-7.257780651283143314e-01 1.272641094753284019e+00
-7.303528999169479619e-01 1.267913158336421597e+00
-7.349244346593003518e-01 1.263178628718672369e+00
-7.394927478936590415e-01 1.258437118262583976e+00
-7.440579181583120150e-01 1.253688239330703391e+00
-7.486200239915470345e-01 1.248931604285577812e+00
-7.531791439316519732e-01 1.244166825489754657e+00
-7.577353565169147043e-01 1.239393515305780680e+00
-7.622887402856229899e-01 1.234611286096203520e+00
-7.668393737760645923e-01 1.229819750223570596e+00
-7.713873355265277176e-01 1.225018520050428883e+00
-7.759327040752994620e-01 1.220207207939325134e+00
-7.804755579606683646e-01 1.215385426252807655e+00
-7.850159757209220768e-01 1.210552787353422755e+00
-7.895540358943483605e-01 1.205708903603718074e+00
-7.940898170192349781e-01 1.200853387366240810e+00
-7.986233976338695806e-01 1.195985851003537936e+00
-8.031548562765404853e-01 1.191105906878157317e+00
-8.076842714855353433e-01 1.186213167352645481e+00
-8.122117217991416949e-01 1.181307244789549626e+00
-8.167372857556476351e-01 1.176387751551417393e+00
-8.212610418933410372e-01 1.171454300000796200e+00
-8.257830687505098854e-01 1.166506502500232800e+00
-8.303034448654413868e-01 1.161543971412274612e+00
-8.348220431717255918e-01 1.156566264308694025e+00
-8.393358563673294359e-01 1.151572171218782081e+00
-8.438397561965704785e-01 1.146559916967364146e+00
-8.483285651270731087e-01 1.141527713247717957e+00
-8.527971056264597172e-01 1.136473771753121031e+00
-8.572402001623536938e-01 1.131396304176849998e+00
-8.616526712023782064e-01 1.126293522212182152e+00
-8.660293412141565339e-01 1.121163637552394343e+00
-8.703650326653112890e-01 1.116004861890764310e+00
-8.746545680234660836e-01 1.110815406920568682e+00
-8.788927697562438635e-01 1.105593484335084753e+00
-8.830744603312680185e-01 1.100337305827589596e+00
-8.871944622161614946e-01 1.095045083091360505e+00
-8.912475978785474595e-01 1.089715027819674553e+00
-8.952286897860488590e-01 1.084345351705808369e+00
-8.991325604062891941e-01 1.078934266443040135e+00
-9.029540322068912994e-01 1.073479983724645814e+00
-9.066879276554784539e-01 1.067980715243903145e+00
-9.103290692196734923e-01 1.062434672694088977e+00
-9.138722793671004707e-01 1.056840067768481273e+00
-9.173123805653815577e-01 1.051195112160355993e+00
-9.206441952821400321e-01 1.045498017562990656e+00
-9.238625459849997279e-01 1.039746995669663221e+00
-9.269622551415830358e-01 1.033940258173649429e+00
-9.299381452195135678e-01 1.028076016768227685e+00
-9.327850386864139365e-01 1.022152483146673951e+00
-9.354977580099077539e-01 1.016167869002266411e+00
-9.380711256576179657e-01 1.010120386028281247e+00
-9.404999640971678510e-01 1.004008245917996645e+00
-9.427790957996856624e-01 9.978296603681908739e-01
-9.449043770308040990e-01 9.915838739574345251e-01
-9.468756143336025666e-01 9.852740780541341392e-01
-9.486935576445146845e-01 9.789044065871511657e-01
-9.503589568999741832e-01 9.724789934853459439e-01
-9.518725620364146822e-01 9.660019726775792570e-01
-9.532351229902692458e-01 9.594774780927116664e-01
-9.544473896979719374e-01 9.529096436596039554e-01
-9.555101120959557104e-01 9.463026033071167964e-01
-9.564240401206546283e-01 9.396604909641109726e-01
-9.571899237085019774e-01 9.329874405594469344e-01
-9.578085127959310441e-01 9.262875860219855761e-01
-9.582805573193755588e-01 9.195650612805872370e-01
-9.586068072152690300e-01 9.128240002641130335e-01
-9.587880124200455212e-01 9.060685369014235269e-01
-9.588249228701375415e-01 8.993028051213789453e-01
-9.587182885019791545e-01 8.925309388528405163e-01
-9.584688592520039796e-01 8.857570720246688012e-01
-9.580773850566453032e-01 8.789853385657243612e-01
-9.575446158523367446e-01 8.722198724048677576e-01
-9.568713015755119233e-01 8.654648074709598848e-01
-9.560581921626041257e-01 8.587242776928615262e-01
-9.551060375500470823e-01 8.520024169994331320e-01
-9.540155876742741903e-01 8.453033593195352635e-01
-9.527875924717191802e-01 8.386312385820290372e-01
-9.514228018788151164e-01 8.319901887157749032e-01
-9.499219658319960624e-01 8.253843436496333119e-01
-9.482858342676953045e-01 8.188178373124653797e-01
-9.465151571223461291e-01 8.122948036331312238e-01
-9.446106843323824886e-01 8.058193765404920716e-01
-9.425733558601280260e-01 7.993952770712502431e-01
-9.404050854268309889e-01 7.930241104587150147e-01
-9.381080978221625344e-01 7.867068060403364926e-01
-9.356846179725748502e-01 7.804442928563641857e-01
-9.331368708045197913e-01 7.742374999470468255e-01
-9.304670812444499894e-01 7.680873563526345871e-01
-9.276774742188169665e-01 7.619947911133763130e-01
-9.247702746540735763e-01 7.559607332695217341e-01
-9.217477074766714518e-01 7.499861118613201372e-01
-9.186119976130631137e-01 7.440718559290208090e-01
-9.153653699897003060e-01 7.382188945128731472e-01
-9.120100495330353274e-01 7.324281566531264387e-01
-9.085482611695206989e-01 7.267005713900303032e-01
-9.049822298256082753e-01 7.210370677638341386e-01
-9.013141804277500224e-01 7.154385748147870094e-01
-8.975463379023983501e-01 7.099060215831387577e-01
-8.936809271760052242e-01 7.044403371091384480e-01
-8.897201731750229436e-01 6.990424504330351452e-01
-8.856663008259038072e-01 6.937132905950791351e-01
-8.815215350550994478e-01 6.884537866355188163e-01
-8.772881007890626082e-01 6.832648675946043637e-01
-8.729682229542450322e-01 6.781474625125845090e-01
-8.685641264770991299e-01 6.731025004297090941e-01
-8.640780362840768669e-01 6.681309103862272947e-01
-8.595121773016303202e-01 6.632336214223887305e-01
-8.548687744562120105e-01 6.584115625784425774e-01
-8.501500526742739039e-01 6.536656628946381220e-01
-8.453582368822678550e-01 6.489968514112247622e-01
-8.404955520066466068e-01 6.444060571684522287e-01
-8.355642175467684618e-01 6.398942002752529001e-01
-8.305661883470694118e-01 6.354617653004290823e-01
-8.255030407120450553e-01 6.311086138531446510e-01
-8.203763218235670118e-01 6.268345596157344213e-01
-8.151875788635074560e-01 6.226394162705333191e-01
-8.099383590137373412e-01 6.185229974998754932e-01
-8.046302094561287310e-01 6.144851169860957585e-01
-7.992646773725535780e-01 6.105255884115289300e-01
-7.938433099448833907e-01 6.066442254585094895e-01
-7.883676543549901217e-01 6.028408418093720300e-01
-7.828392577847451683e-01 5.991152511464513664e-01
-7.772596674160204833e-01 5.954672671520819804e-01
-7.716304304306874640e-01 5.918967035085986872e-01
-7.659530940106181740e-01 5.884033738983358575e-01
-7.602292053376844549e-01 5.849870920036285282e-01
-7.544603115937575932e-01 5.816476715068110703e-01
-7.486479599607094304e-01 5.783849260902180767e-01
-7.427936976204120301e-01 5.751986694361842511e-01
-7.368990717547369007e-01 5.720887152270444087e-01
-7.309656295455556618e-01 5.690548771451331422e-01
-7.249949181747400440e-01 5.660969688727847116e-01
-7.189884848241619997e-01 5.632148040923343757e-01
-7.129478766756931485e-01 5.604081964861162835e-01
-7.068746409112051099e-01 5.576769597364652498e-01
-7.007703247125697255e-01 5.550209075257160896e-01
-6.946364752616585037e-01 5.524398535362030627e-01
-6.884746397403433971e-01 5.499336114502610950e-01
-6.822863653304963583e-01 5.475019949502248906e-01
-6.760731992139884516e-01 5.451448177184289312e-01
-6.698366885726920739e-01 5.428618934372079208e-01
-6.635782999339937538e-01 5.406529015676058147e-01
-6.572989306755557815e-01 5.385165744192333959e-01
-6.509992332525957881e-01 5.364512367136220483e-01
-6.446798591670160894e-01 5.344552115858401953e-01
-6.383414599207186679e-01 5.325268221709567040e-01
-6.319846870156053953e-01 5.306643916040399978e-01
-6.256101919535782541e-01 5.288662430201589437e-01
-6.192186262365391158e-01 5.271306995543820761e-01
-6.128106413663901852e-01 5.254560843417784843e-01
-6.063868888450335559e-01 5.238407205174163694e-01
-5.999480201743710994e-01 5.222829312163650428e-01
-5.934946868563046873e-01 5.207810395736924836e-01
-5.870275403927366353e-01 5.193333687244680030e-01
-5.805472322855688150e-01 5.179382418037599134e-01
-5.740544140367032089e-01 5.165939819466373040e-01
-5.675497371480417996e-01 5.152989122881683759e-01
-5.610338531214866808e-01 5.140513559634222185e-01
-5.545074134589398351e-01 5.128496361074675880e-01
-5.479710696623030231e-01 5.116920758553726856e-01
-5.414254732334786713e-01 5.105769983422067115e-01
-5.348712756743685404e-01 5.095027267030383111e-01
-5.283091284868746129e-01 5.084675840729357965e-01
-5.217396831728989826e-01 5.074698935869682570e-01
-5.151635912343438539e-01 5.065079783802042268e-01
-5.085815041731107655e-01 5.055801615877125732e-01
-5.019940734911019220e-01 5.046847663445617194e-01
-4.954019506902195835e-01 5.038201157858205326e-01
-4.888057872723656772e-01 5.029845330465578801e-01
-4.822062347394416304e-01 5.021763412618419631e-01
-4.756039442668375528e-01 5.013938642800240819e-01
-4.689994606296926105e-01 5.006356583858669884e-01
-4.623930696666957996e-01 4.999008455231337966e-01
-4.557850185786267438e-01 4.991886320419391398e-01
-4.491755545662660110e-01 4.984982242923980955e-01
-4.425649248303940020e-01 4.978288286246252969e-01
-4.359533765717905629e-01 4.971796513887356550e-01
-4.293411569912356507e-01 4.965498989348438030e-01
-4.227285132895095554e-01 4.959387776130645964e-01
-4.161156926673927337e-01 4.953454937735128905e-01
-4.095029423256650314e-01 4.947692537663033185e-01
-4.028905094651064056e-01 4.942092639415509581e-01
-3.962786412864971464e-01 4.936647306493703868e-01
-3.896675849906179323e-01 4.931348602398763492e-01
-3.830575877782482208e-01 4.926188590631837005e-01
-3.764488968501681354e-01 4.921159334694072962e-01
-3.698417594071581327e-01 4.916252898086619361e-01
-3.632364226499984472e-01 4.911461344310621424e-01
-3.566331337794690359e-01 4.906776736867230482e-01
-3.500321399963497448e-01 4.902191139257592312e-01
-3.434336885014210305e-01 4.897696614982855468e-01
-3.368380264954632386e-01 4.893285227544167948e-01
-3.302454011792564370e-01 4.888949040442678307e-01
-3.236560597535802497e-01 4.884680117179532322e-01
-3.170702494192151333e-01 4.880470521255879657e-01
-3.104882173769415998e-01 4.876312316172867756e-01
-3.039102108275394398e-01 4.872197565431644617e-01
-2.973364769717884992e-01 4.868118332533357684e-01
-2.907672630104692901e-01 4.864066680979155510e-01
-2.842028161443621026e-01 4.860034674270184984e-01
-2.776433644282886859e-01 4.856014369835651157e-01
-2.710886476144001023e-01 4.851997670244549421e-01
-2.645378889300465941e-01 4.847976314255312280e-01
-2.579902868066067945e-01 4.843942032762585392e-01
-2.514450396754590034e-01 4.839886556661009975e-01
-2.449013459679812987e-01 4.835801616845230022e-01
-2.383584041155522859e-01 4.831678944209888416e-01
-2.318154125495508477e-01 4.827510269649628594e-01
-2.252715697013550900e-01 4.823287324059095660e-01
-2.187260740023431460e-01 4.819001838332930832e-01
-2.121781238838936212e-01 4.814645543365777547e-01
-2.056269177773854262e-01 4.810210170052280909e-01
-1.990716541141966389e-01 4.805687449287083246e-01
-1.925115313257053373e-01 4.801069111964828551e-01
-1.859457478432902655e-01 4.796346888980156931e-01
-1.793735020983301953e-01 4.791512511227715154e-01
-1.727939925222032602e-01 4.786557709602145549e-01
-1.662064175462875659e-01 4.781474214998092664e-01
-1.596099756019618565e-01 4.776253758310197162e-01
-1.530038651206048206e-01 4.770888070433104700e-01
-1.463872845335947026e-01 4.765368882261458161e-01
-1.397594322723095250e-01 4.759687924689899874e-01
-1.331195067681280597e-01 4.753836928613073276e-01
-1.264667064524291062e-01 4.747807624925624026e-01
-1.198002297565906454e-01 4.741591744522193341e-01
-1.131192751119909495e-01 4.735181018297425215e-01
-1.064230409500086932e-01 4.728567177145961420e-01
-9.971072570202257901e-02 4.721741951962447059e-01
-9.298152779941079582e-02 4.714697073641525016e-01
-8.623464567355146326e-02 4.707424273077838728e-01
-7.946971382292784825e-02 4.699912031698411652e-01
-7.268973001291044456e-02 4.692123768670967698e-01
-6.589925620650084748e-02 4.684011247137119804e-01
-5.910286304664452706e-02 4.675526165557623015e-01
-5.230512117628745294e-02 4.666620222393229045e-01
-4.551060123837567112e-02 4.657245116104691274e-01
-3.872387387585455448e-02 4.647352545152763081e-01
-3.194950973166957309e-02 4.636894207998196182e-01
-2.519207944876672087e-02 4.625821803101747287e-01
-1.845615367009197441e-02 4.614087028924164224e-01
-1.174630303859080030e-02 4.601641583926204260e-01
-5.067098197208583579e-03 4.588437166568618553e-01
1.576890211108656660e-03 4.574425475312159373e-01
8.181091543414903064e-03 4.559558208617583430e-01
1.474093515676475237e-02 4.543787064945639109e-01
2.125185040821276142e-02 4.527063742757082010e-01
2.770926665481294668e-02 4.509339940512663292e-01
3.410861325361928126e-02 4.490567356673139665e-01
4.044531956168635756e-02 4.470697689699260624e-01
4.671481493606872287e-02 4.449682638051779549e-01
5.291252873382039368e-02 4.427473900191450373e-01
5.903389031199540726e-02 4.404023174579027589e-01
6.507432902764830052e-02 4.379282159675262909e-01
7.102927423783358951e-02 4.353202553940908048e-01
7.689415529960537399e-02 4.325736055836717497e-01
8.266440157001758715e-02 4.296834363823444636e-01
8.833544240612484222e-02 4.266449176361841178e-01
9.390270716498164139e-02 4.234532191912659949e-01
9.936162520364208439e-02 4.201035108936655993e-01
1.047076636734303595e-01 4.165910108192952821e-01
1.099392016284071183e-01 4.129146529669777133e-01
1.150595470862201125e-01 4.090796612601581006e-01
1.200724846428573717e-01 4.050918677910758658e-01
1.249817988943069114e-01 4.009571046519706528e-01
1.297912744365573579e-01 3.966812039350817720e-01
1.345046958655971292e-01 3.922699977326483678e-01
1.391258477774142965e-01 3.877293181369099173e-01
1.436585147679969865e-01 3.830649972401061198e-01
1.481064814333336033e-01 3.782828671344758420e-01
1.524735323694127453e-01 3.733887599122587830e-01
1.567634521722223728e-01 3.683885076656941426e-01
1.609800254377506401e-01 3.632879424870215090e-01
1.651270367619860346e-01 3.580928964684803040e-01
1.692082707409170717e-01 3.528092017023095051e-01
1.732275119705317112e-01 3.474426902807487005e-01
1.771885450468181911e-01 3.419991942960376452e-01
1.810951545657649708e-01 3.364845458404153722e-01
1.849511251233603715e-01 3.309045770061209701e-01
1.887602413155926862e-01 3.252651198853942494e-01
1.925262877384499305e-01 3.195720065704746871e-01
1.962530489879205087e-01 3.138310691536014274e-01
1.999443096599929359e-01 3.080481397270136146e-01
2.036038543506553666e-01 3.022290503829508368e-01
2.072354676558958164e-01 2.963796332136527933e-01
2.108429341717029115e-01 2.905057203113586839e-01
2.144300384940649173e-01 2.846131437683074861e-01
2.180005652189699883e-01 2.787077356767388991e-01
2.215582989424063620e-01 2.727953281288925669e-01
2.251070242603623872e-01 2.668817532170075779e-01
2.286505282965186070e-01 2.609726614948307821e-01
2.321926149139295070e-01 2.550725012966428284e-01
2.357370947805421946e-01 2.491852322302690881e-01
2.392877785839952476e-01 2.433148124893362851e-01
2.428484770119272995e-01 2.374652002674709217e-01
2.464230007519765675e-01 2.316403537583001937e-01
2.500151604917812409e-01 2.258442311554511583e-01
2.536287669189799532e-01 2.200807906525503732e-01
2.572676307212111158e-01 2.143539904432244236e-01
2.609355625861130568e-01 2.086677887211003946e-01
2.646363732013239378e-01 2.030261436798053709e-01
2.683738732544825312e-01 1.974330135129660491e-01
2.721518734332271650e-01 1.918923564142088756e-01
2.759741844251961118e-01 1.864081305771609076e-01
2.798446169180276999e-01 1.809842941954494522e-01
2.837669815993603128e-01 1.756248054627008170e-01
2.877450891568327784e-01 1.703336225725418374e-01
2.917827502780830917e-01 1.651147037185994315e-01
2.958837756507494698e-01 1.599720070945007122e-01
3.000519759624705740e-01 1.549094908938722648e-01
3.042911619008850099e-01 1.499311133103408133e-01
3.086051441536309392e-01 1.450408325375332486e-01
3.129977334083464680e-01 1.402426067690767664e-01
3.174727403526703129e-01 1.355403941985978966e-01
3.220339756742410797e-01 1.309381530197232524e-01
3.266852500606969301e-01 1.264398414260800019e-01
3.314303741996759700e-01 1.220494176112951051e-01
3.362731587788169163e-01 1.177708397689951891e-01
3.412174144857582081e-01 1.136080660928068808e-01
3.462669308605511032e-01 1.095650385168937951e-01
3.514231255071057491e-01 1.056438752964920513e-01
3.566829066394378023e-01 1.018432276123300700e-01
3.620426776924802192e-01 9.816135854237062475e-02
3.674988421011658457e-01 9.459653116457698852e-02
3.730478033004268612e-01 9.114700855691225401e-02
3.786859647251966110e-01 8.781105379733926408e-02
3.844097298104080518e-01 8.458692996382090323e-02
3.902155019909938072e-01 8.147290013432036127e-02
3.960996847018863343e-01 7.846722738680073084e-02
4.020586813780188118e-01 7.556817479922491032e-02
4.080888954543242519e-01 7.277400544955574258e-02
4.141867303657353339e-01 7.008298241575644516e-02
4.203485895471842926e-01 6.749336877579008298e-02
4.265708764336045289e-01 6.500342760761956828e-02
4.328499944599290550e-01 6.261142198920775781e-02
4.391823470610902724e-01 6.031561499851782054e-02
4.455643376720206938e-01 5.811426971351284915e-02
4.519923697276537755e-01 5.600564921215575587e-02
4.584628466629223076e-01 5.398801657240945989e-02
4.649721719127588027e-01 5.205963487223705388e-02
4.715167489120958288e-01 5.021876718960163744e-02
4.780929810958667314e-01 4.846367660246612280e-02
4.846972718990041895e-01 4.679262618879344304e-02
4.913260247564411043e-01 4.520387902654670470e-02
4.979756431031097108e-01 4.369569819368897268e-02
5.046425303739433543e-01 4.226634676818318004e-02
5.113230900038748805e-01 4.091408782799226679e-02
5.180137254278370795e-01 3.963718445107934640e-02
5.247108400807622974e-01 3.843389971540743522e-02
5.314108373975836574e-01 3.730249669893949405e-02
5.381101208132341718e-01 3.624123847963850453e-02
5.448050937626468526e-01 3.524838813546751770e-02
5.514921596807536019e-01 3.432220874438958458e-02
5.581677220024878761e-01 3.346096338436765905e-02
5.648281841627826871e-01 3.266291513336471580e-02
5.714699495965704923e-01 3.192632706934381281e-02
5.780894217387839706e-01 3.124946227026799070e-02
5.846830040243561344e-01 3.063058381410021028e-02
5.912470998882199957e-01 3.006795477880346013e-02
5.977781127653082338e-01 2.955983824234078433e-02
6.042724460905533057e-01 2.910449728267520964e-02
6.107265032988883346e-01 2.870019497776972114e-02
6.171366878252464439e-01 2.834519440558731090e-02
6.234994031045599794e-01 2.803775864409099872e-02
