-5.582236329179400824e-01 1.441725843521400208e+00
-5.673167394193756596e-01 1.432100698321145948e+00
-5.764978472081669914e-01 1.422503338693300590e+00
-5.857593298800801707e-01 1.412930590112257523e+00
-5.950935610308812906e-01 1.403379278052413914e+00
-6.044929142563357782e-01 1.393846227988164044e+00
-6.139497631522095045e-01 1.384328265393902191e+00
-6.234564813142681183e-01 1.374822215744023968e+00
-6.330054423382773798e-01 1.365324904512923654e+00
-6.425890198200034931e-01 1.355833157174997083e+00
-6.521995873552118850e-01 1.346343799204638980e+00
-6.618295185396683156e-01 1.336853656076243624e+00
-6.714711869691389889e-01 1.327359553264207293e+00
-6.811169662393891100e-01 1.317858316242923156e+00
-6.907592299461848828e-01 1.308346770486788158e+00
-7.003903516852919564e-01 1.298821741470195690e+00
-7.100027050524758687e-01 1.289280054667540920e+00
-7.195886636435029349e-01 1.279718535553220127e+00
-7.291406010541385818e-01 1.270134009601626923e+00
-7.386508908801486806e-01 1.260523302287156699e+00
-7.481119067172988801e-01 1.250883239084204401e+00
-7.575160221613552736e-01 1.241210645467165197e+00
-7.668556108080833988e-01 1.231502346910433587e+00
-7.761230462532490160e-01 1.221755168888404963e+00
-7.853107020926182180e-01 1.211965936875474270e+00
-7.944109519219562099e-01 1.202131476346036010e+00
-8.034161693370295287e-01 1.192248612774485572e+00
-8.123187279336032685e-01 1.182314171635217681e+00
-8.211110013074437441e-01 1.172324978402627949e+00
-8.297853630543163828e-01 1.162277858551110432e+00
-8.383345853900689981e-01 1.152168826013201253e+00
-8.467550488382968865e-01 1.141986548647036193e+00
-8.550450523574693040e-01 1.131715788611374229e+00
-8.632029126594291668e-01 1.121341271921273197e+00
-8.712269464560188359e-01 1.110847724591790486e+00
-8.791154704590808944e-01 1.100219872637983487e+00
-8.868668013804585915e-01 1.089442442074910256e+00
-8.944792559319939551e-01 1.078500158917627960e+00
-9.019511508255299015e-01 1.067377749181193991e+00
-9.092808027729091247e-01 1.056059938880666182e+00
-9.164665284859740968e-01 1.044531454031101703e+00
-9.235066446765676229e-01 1.032777020647558608e+00
-9.303994680565322861e-01 1.020781364745094066e+00
-9.371433153377108916e-01 1.008529212338765690e+00
-9.437364658934769279e-01 9.960053233254620997e-01
-9.501610351783819075e-01 9.832091251336443349e-01
-9.563577973961836509e-01 9.701775592443920848e-01
-9.622610115280081367e-01 9.569534792096578979e-01
-9.678049365549808991e-01 9.435797385813934346e-01
-9.729238314582278058e-01 9.300991909115517986e-01
-9.775519552188742800e-01 9.165546897520844283e-01
-9.816235668180467444e-01 9.029890886549440943e-01
-9.850729252368700672e-01 8.894452411720824569e-01
-9.878342894564707821e-01 8.759660008554526200e-01
-9.898419184579740904e-01 8.625942212570060219e-01
-9.910300712225059705e-01 8.493727559286953221e-01
-9.913330067311925120e-01 8.363444584224730693e-01
-9.906849839651591383e-01 8.235521822902911460e-01
-9.890202619055312727e-01 8.110387810841014344e-01
-9.862730995334354489e-01 7.988471083558568164e-01
-9.823963068307260960e-01 7.870124372229441168e-01
-9.774384564886670068e-01 7.755309096009866954e-01
-9.714789314902335660e-01 7.643860774971881211e-01
-9.645971295007500501e-01 7.535614869191534781e-01
-9.568724481855399588e-01 7.430406838744872955e-01
-9.483842852099274578e-01 7.328072143707936581e-01
-9.392120382392362687e-01 7.228446244156776501e-01
-9.294351049387898911e-01 7.131364600167433565e-01
-9.191328829739130457e-01 7.036662671815956394e-01
-9.083847700099284550e-01 6.944175919178386946e-01
-8.972701637121602847e-01 6.853739802330771624e-01
-8.858684617459331445e-01 6.765189781349157938e-01
-8.742590617765697569e-01 6.678361316309587847e-01
-8.625213614693946207e-01 6.593089867288108863e-01
-8.507347584897314574e-01 6.509210894360765165e-01
-8.389786505029039887e-01 6.426559857603602044e-01
-8.273216387883535194e-01 6.345008906181355268e-01
-8.157667214061908867e-01 6.264653127041698299e-01
-8.042922520618174254e-01 6.185671355427849738e-01
-7.928765403150410673e-01 6.108242576601894402e-01
-7.814978957256696335e-01 6.032545775825918222e-01
-7.701346278535105006e-01 5.958759938361998243e-01
-7.587650462583720445e-01 5.887064049472227056e-01
-7.473674605000618643e-01 5.817637094418686150e-01
-7.359201801383882247e-01 5.750658058463458122e-01
-7.244015147331580584e-01 5.686305926868627791e-01
-7.127897738441804076e-01 5.624759684896283307e-01
-7.010632670312622050e-01 5.566198317808503937e-01
-6.892003038542117155e-01 5.510800810867376720e-01
-6.771791938728368709e-01 5.458746149334985365e-01
-6.649784127945317369e-01 5.410211623513356827e-01
-6.525891355190316379e-01 5.365244972477175578e-01
-6.400239754296306316e-01 5.323675229907620654e-01
-6.272976116023979420e-01 5.285310356253273278e-01
-6.144247231134019049e-01 5.249958311962713564e-01
-6.014199890387107450e-01 5.217427057484517183e-01
-5.882980884543935751e-01 5.187524553267267580e-01
-5.750737004365178429e-01 5.160058759759539315e-01
-5.617615040611526611e-01 5.134837637409912503e-01
-5.483761784043666987e-01 5.111669146666967256e-01
-5.349324025422279583e-01 5.090361247979279247e-01
-5.214448555508048866e-01 5.070721901795430808e-01
-5.079282165061660415e-01 5.052559068563997613e-01
-4.943971644843800917e-01 5.035680708733560884e-01
-4.808663785615153730e-01 5.019894782752699625e-01
-4.673496994534743210e-01 5.005017009973036224e-01
-4.538521128718054354e-01 4.990945061540945082e-01
-4.403732880556757712e-01 4.977625811791865362e-01
-4.269128218577958878e-01 4.965006804987509570e-01
-4.134703111308756784e-01 4.953035585389587436e-01
-4.000453527276255361e-01 4.941659697259810358e-01
-3.866375435007558536e-01 4.930826684859892506e-01
-3.732464803029762468e-01 4.920484092451543057e-01
-3.598717599869971639e-01 4.910579464296474517e-01
-3.465129794055288870e-01 4.901060344656399947e-01
-3.331697354112815868e-01 4.891874277793028525e-01
-3.198416248569657117e-01 4.882968807968073310e-01
-3.065282445952909884e-01 4.874291479443245145e-01
-2.932291914789677545e-01 4.865789836480255981e-01
-2.799440621254275507e-01 4.857411422489877895e-01
-2.666713260639549943e-01 4.849099704514666098e-01
-2.534057184926520878e-01 4.840784643547090815e-01
-2.401412022380075006e-01 4.832393407123668494e-01
-2.268717401265105682e-01 4.823853162780915027e-01
-2.135912949846505982e-01 4.815091078055347418e-01
-2.002938296389166206e-01 4.806034320483482114e-01
-1.869733069157980820e-01 4.796610057601835009e-01
-1.736236896417836517e-01 4.786745456946921440e-01
-1.602389406433627483e-01 4.776367686055261186e-01
-1.468130227470245130e-01 4.765403912463367364e-01
-1.333398987792581702e-01 4.753781303707758643e-01
-1.198135315665530831e-01 4.741427027324949250e-01
-1.062278839353978793e-01 4.728268250851457299e-01
-9.257691871228199143e-02 4.714232141823798683e-01
-7.885519130217613637e-02 4.699241431293983418e-01
-6.507645594765243402e-02 4.683075113495626107e-01
-5.127738933065417726e-02 4.665340568183741765e-01
-3.749601277554091838e-02 4.645635108117251444e-01
-2.377034760667326094e-02 4.623556046055085078e-01
-1.013841514841138346e-02 4.598700694756163165e-01
3.361763274884434910e-03 4.570666366979416750e-01
1.669216633885369297e-02 4.539050375483769661e-01
2.981477271913675342e-02 4.503450033028146282e-01
4.269156109137307864e-02 4.463462652371474326e-01
5.528451013120240509e-02 4.418685546272678732e-01
6.755559851426459761e-02 4.368716027490686105e-01
7.946680491619903530e-02 4.313151408784423047e-01
9.098010801264612424e-02 4.251589002912813386e-01
1.020574864792452852e-01 4.183626122634782618e-01
1.126694455093588260e-01 4.108969087584617430e-01
1.228322631797905962e-01 4.027909398728825585e-01
1.325775115576626750e-01 3.940934082352766099e-01
1.419367734746538046e-01 3.848530302360783084e-01
1.509416317624434345e-01 3.751185222657214546e-01
1.596236692527102097e-01 3.649386007146403488e-01
1.680144687771331080e-01 3.543619819732693466e-01
1.761456131673911352e-01 3.434373824320425261e-01
1.840486852551629915e-01 3.322135184813944653e-01
1.917552678721280157e-01 3.207391065117587425e-01
1.992969438499650747e-01 3.090628629135699357e-01
2.067052960203530076e-01 2.972335040772620673e-01
2.140119072149707646e-01 2.852997463932694933e-01
2.212483602654972403e-01 2.733103062520266247e-01
2.284462406100109810e-01 2.613137539556086852e-01
2.356372461268258500e-01 2.493523575447281759e-01
2.428532275357438430e-01 2.374598183135316065e-01
2.501260464826707275e-01 2.256692251493928880e-01
2.574875646135122986e-01 2.140136669396864311e-01
2.649696435741745737e-01 2.025262325717855083e-01
2.726041450105632924e-01 1.912400109330645581e-01
2.804229305685841944e-01 1.801880909108974360e-01
2.884578618941430750e-01 1.694035613926581918e-01
2.967408006331456738e-01 1.589195112657209308e-01
3.053036084314981191e-01 1.487690294174592864e-01
3.141781469351060396e-01 1.389852047352474473e-01
3.233962777898751195e-01 1.296011261064593245e-01
3.329898626417115426e-01 1.206498824184690649e-01
3.429907631365204379e-01 1.121645625586506489e-01
3.534253863607623170e-01 1.041740619305466520e-01
3.642809099510241344e-01 9.667711620337715583e-02
3.755273438632681371e-01 8.965926247517927439e-02
3.871346255815031889e-01 8.310598212730634093e-02
3.990726925897382094e-01 7.700275654111195245e-02
4.113114823719827284e-01 7.133506709794931733e-02
4.238209324122456656e-01 6.608839517917200479e-02
4.365709801945359403e-01 6.124822216613340364e-02
4.495315632028627495e-01 5.680002944018703454e-02
4.626726189212349016e-01 5.272929838268638342e-02
4.759640848336618157e-01 4.902151037498473501e-02
4.893758984241524668e-01 4.566214679843559610e-02
5.028779971767159962e-01 4.263668903439243874e-02
5.164403185753614345e-01 3.993061846420870725e-02
5.300328001040974790e-01 3.752941646923787372e-02
5.436253792469338819e-01 3.541856443083329919e-02
5.571879934878791740e-01 3.358354373034845575e-02
5.706905803109428854e-01 3.200983574913681545e-02
5.841030772001336580e-01 3.068292186855179141e-02
5.973954216394606886e-01 2.958828346994685568e-02
6.105375511129329524e-01 2.871140193467545260e-02
6.234994031045599794e-01 2.803775864409099872e-02
