-5.582236329179399714e-01 1.441725843521399986e+00
-5.773141285241908394e-01 1.422630303829615972e+00
-5.963089601044611054e-01 1.403635263134952016e+00
-6.152132692143021941e-01 1.384715344521860292e+00
-6.340321974092659740e-01 1.365845171074795861e+00
-6.527708862449045357e-01 1.346999365878213117e+00
-6.714344772767698588e-01 1.328152552016566013e+00
-6.900281120604135898e-01 1.309279352574308053e+00
-7.085569321513875973e-01 1.290354390635894077e+00
-7.270260791052436389e-01 1.271352289285777593e+00
-7.454406944775340271e-01 1.252247671608413659e+00
-7.638059198238102976e-01 1.233015160688255785e+00
-7.821268966996244298e-01 1.213629379609757919e+00
-8.004087666605281814e-01 1.194064951457374679e+00
-8.186566712620737540e-01 1.174296499315559794e+00
-8.368746747258487551e-01 1.154298359174344091e+00
-8.549548311378497578e-01 1.134015017890275701e+00
-8.725808840822623091e-01 1.113335450486608424e+00
-8.894138833340111683e-01 1.092142584404041106e+00
-9.051148786680227598e-01 1.070319347083273032e+00
-9.193449198592225091e-01 1.047748665965004600e+00
-9.317650566825360636e-01 1.024313468489935541e+00
-9.420363389128889597e-01 9.998966820987644777e-01
-9.498703545384791225e-01 9.744317278264293947e-01
-9.552350667340065993e-01 9.481081755465740057e-01
-9.581795387395219965e-01 9.211966235967959937e-01
-9.587528655880309669e-01 8.939677020795798734e-01
-9.570041423125401625e-01 8.666920410974107147e-01
-9.529824639460562352e-01 8.396402707527736986e-01
-9.467369255215856150e-01 8.130830211481535619e-01
-9.383221752618051692e-01 7.872788563014457841e-01
-9.278499111487519269e-01 7.623623813415114636e-01
-9.154653608278657817e-01 7.383953474558111463e-01
-9.013141804277498004e-01 7.154385748147868984e-01
-8.855420260770071605e-01 6.935528835888812305e-01
-8.682945539042409289e-01 6.727990939485365418e-01
-8.497174200380543940e-01 6.532380260641951208e-01
-8.299559108847402999e-01 6.349298916577529317e-01
-8.091378437077666463e-01 6.179061536462078230e-01
-7.873663688906491487e-01 6.021576808930132474e-01
-7.647427736114259522e-01 5.876722760018020519e-01
-7.413683450481350912e-01 5.744377415762059735e-01
-7.173443703788143777e-01 5.624418802198573042e-01
-6.927721367815017350e-01 5.516724945363882249e-01
-6.677529309522169942e-01 5.421173863272797933e-01
-6.423771537082703098e-01 5.337462416414038291e-01
-6.166961924691037877e-01 5.264638223186590693e-01
-5.907526981927891940e-01 5.201603514026665875e-01
-5.645893218373990718e-01 5.147260519370483456e-01
-5.382487143610044100e-01 5.100511469654249730e-01
-5.117735267216777517e-01 5.060258595314186536e-01
-4.852064098774906964e-01 5.025404126786502390e-01
-4.585886210857205714e-01 4.994880740564716093e-01
-4.319460351066957138e-01 4.967957151110468095e-01
-4.052949781709999644e-01 4.944110665062932952e-01
-3.786516334241883941e-01 4.922821714821868366e-01
-3.520321840118145196e-01 4.903570732787028152e-01
-3.254528130794335228e-01 4.885838151358174453e-01
-2.989297037725993644e-01 4.869104402935059417e-01
-2.724786842740918313e-01 4.852849807344624677e-01
-2.460910290501625575e-01 4.836546897453378180e-01
-2.197179537659803283e-01 4.819655501888194804e-01
-1.933069832567534396e-01 4.801634278766923059e-01
-1.668056423576890768e-01 4.781941886207404235e-01
-1.401614559039955910e-01 4.760036982327486843e-01
-1.133219487308804729e-01 4.735378225245017170e-01
-8.623464567355115795e-02 4.707424273077838173e-01
-5.889686762166185946e-02 4.675262715672821590e-01
-3.153944045639716504e-02 4.636241119607183436e-01
-4.461575346657002325e-03 4.587197460673194116e-01
2.203750785871604750e-02 4.524969649982261144e-01
4.765858931087822714e-02 4.446395598645790925e-01
7.210244916098668133e-02 4.348313217775191530e-01
9.506986756019852880e-02 4.227560418481866034e-01
1.162845237338569343e-01 4.081267330409621974e-01
1.357740014876016588e-01 3.910442255294158675e-01
1.537814796390133965e-01 3.718844735269250523e-01
1.705547190070836883e-01 3.510292784078331008e-01
1.863414804108039502e-01 3.288604415464829733e-01
2.013895246691652097e-01 3.057597643172187962e-01
2.159466126011590215e-01 2.821090480943831968e-01
2.302605143414958866e-01 2.582894251986663781e-01
2.445796173085121317e-01 2.346376947282823866e-01
2.591533008548065897e-01 2.114194152032821683e-01
2.742310339047059897e-01 1.888937121149322218e-01
2.900622853825371439e-01 1.673197109544993511e-01
3.068965242126264203e-01 1.469565372132508596e-01
3.249832193193007979e-01 1.280633163824532739e-01
3.445718396268864780e-01 1.108991739533738696e-01
3.658354945048473139e-01 9.566452586405206626e-02
3.886241820066237418e-01 8.231136176140751992e-02
4.127024514012995193e-01 7.072597342439264356e-02
4.378348514255541168e-01 6.079465222261691559e-02
4.637859308160657834e-01 5.240368952569015443e-02
4.903202383095139893e-01 4.543937670322170663e-02
5.172023226425770392e-01 3.978800512482131430e-02
5.441967325519343479e-01 3.533586616009849052e-02
5.710680167742648861e-01 3.196925117866274840e-02
5.975807240462469583e-01 2.957445155012373983e-02
6.234994031045599794e-01 2.803775864409099872e-02
