-5.582236329179399714e-01 1.441725843521399986e+00
-5.605944053059788157e-01 1.439353496884693495e+00
-5.629636398649067175e-01 1.436983034474833110e+00
-5.653313463751956647e-01 1.434614408018843879e+00
-5.676975346173164239e-01 1.432247569243748408e+00
-5.700622143717399837e-01 1.429882469876569528e+00
-5.724253954189378879e-01 1.427519061644330733e+00
-5.747870875393812362e-01 1.425157296274055518e+00
-5.771473005135411283e-01 1.422797125492767156e+00
-5.795060441218886638e-01 1.420438501027488254e+00
-5.818633281448953865e-01 1.418081374605243195e+00
-5.842191623630326180e-01 1.415725697953054807e+00
-5.865735565567705700e-01 1.413371422797945254e+00
-5.889265205065814524e-01 1.411018500866939362e+00
-5.912780639929360316e-01 1.408666883887059962e+00
-5.936281967963059625e-01 1.406316523585330547e+00
-5.959769286971614566e-01 1.403967371688772836e+00
-5.983242694759747238e-01 1.401619379924411879e+00
-6.006702289132163086e-01 1.399272500019270504e+00
-6.030148167893576439e-01 1.396926683700371541e+00
-6.053580428848701622e-01 1.394581882694738706e+00
-6.076999169802248524e-01 1.392238048729395050e+00
-6.100404488558924809e-01 1.389895133531363625e+00
-6.123796482923449247e-01 1.387553088827668812e+00
-6.147175250700531723e-01 1.385211866345332332e+00
-6.170540889694883235e-01 1.382871417811378567e+00
-6.193893497711213669e-01 1.380531694952829680e+00
-6.217233172554237353e-01 1.378192649496709832e+00
-6.240560012028667503e-01 1.375854233170042296e+00
-6.263874113939215116e-01 1.373516397699850344e+00
-6.287175576090588969e-01 1.371179094813156585e+00
-6.310464496287506719e-01 1.368842276236985622e+00
-6.333740972334677144e-01 1.366505893698359397e+00
-6.357005102036811239e-01 1.364169898924301405e+00
-6.380256983198621112e-01 1.361834243641835140e+00
-6.403496713624821091e-01 1.359498879577983876e+00
-6.426724391120122171e-01 1.357163758459770886e+00
-6.449940113489234239e-01 1.354828832014219664e+00
-6.473143978536872734e-01 1.352494051968353261e+00
-6.496336084067746430e-01 1.350159370049194951e+00
-6.519516527886569657e-01 1.347824737983768006e+00
-6.542685407798050079e-01 1.345490107499095256e+00
-6.565842821606906465e-01 1.343155430322200861e+00
-6.588988867117845372e-01 1.340820658180107428e+00
-6.612123642135581125e-01 1.338485742799838452e+00
-6.635247244464824723e-01 1.336150635908416984e+00
-6.658359771910290492e-01 1.333815289232867185e+00
-6.681461322276684989e-01 1.331479654500211218e+00
-6.704551993368725871e-01 1.329143683437472800e+00
-6.727631882991123025e-01 1.326807327771675205e+00
-6.750701088948585227e-01 1.324470539229841259e+00
-6.773759709045827915e-01 1.322133269538994904e+00
-6.796807841087564306e-01 1.319795470426159634e+00
-6.819845582878503176e-01 1.317457093618357611e+00
-6.842873032223358853e-01 1.315118090842613219e+00
-6.865890286926842334e-01 1.312778413825948620e+00
-6.888897444793664615e-01 1.310438014295388420e+00
-6.911894603628536693e-01 1.308096843977954560e+00
-6.934881861236175116e-01 1.305754854600670978e+00
-6.957859315421287549e-01 1.303411997890561169e+00
-6.980827063988589432e-01 1.301068225574648407e+00
-7.003785204742788428e-01 1.298723489379954854e+00
-7.026733835488598867e-01 1.296377741033504893e+00
-7.049673054030732855e-01 1.294030932262321798e+00
-7.072602958173903609e-01 1.291683014793428397e+00
-7.095523645722821016e-01 1.289333940353848185e+00
-7.118435214482196072e-01 1.286983660670604213e+00
-7.141337762256741994e-01 1.284632127470719754e+00
-7.164231386851173111e-01 1.282279292481218747e+00
-7.187116186070195978e-01 1.279925107429123354e+00
-7.209992257718528252e-01 1.277569524041457738e+00
-7.232859699600878711e-01 1.275212494045244505e+00
-7.255718609521960571e-01 1.272853969167507593e+00
-7.278569085286483720e-01 1.270493901135270054e+00
-7.301411224699163593e-01 1.268132241675554939e+00
-7.324245125564708969e-01 1.265768942515385742e+00
-7.347070885687830843e-01 1.263403955381785293e+00
-7.369888602873245764e-01 1.261037232001777086e+00
-7.392698374925662508e-01 1.258668724102384839e+00
-7.415500299649794291e-01 1.256298383410631603e+00
-7.438294474850353222e-01 1.253926161653540428e+00
-7.461080998332048075e-01 1.251552010558134365e+00
-7.483859967899593180e-01 1.249175881851437353e+00
-7.506631481357702862e-01 1.246797727260472222e+00
-7.529395636511085899e-01 1.244417498512262243e+00
-7.552152531164454397e-01 1.242035147333830913e+00
-7.574902263122521573e-01 1.239650625452201282e+00
-7.597644930189997314e-01 1.237263884594396846e+00
-7.620380630171598169e-01 1.234874876487440876e+00
-7.643109460872028471e-01 1.232483552858355980e+00
-7.665831520096009211e-01 1.230089865434166096e+00
-7.688546905648245833e-01 1.227693765941894721e+00
-7.711255715333450445e-01 1.225295206108564461e+00
-7.733958046956339594e-01 1.222894137661199032e+00
-7.756653998321620946e-01 1.220490512326821264e+00
-7.779343667234008830e-01 1.218084281832455096e+00
-7.802027151498214241e-01 1.215675397905123134e+00
-7.824704548918949287e-01 1.213263812271849096e+00
-7.847375957300924965e-01 1.210849476659656032e+00
-7.870041474448853380e-01 1.208432342795567216e+00
-7.892701198167447751e-01 1.206012362406605698e+00
-7.915355226261417965e-01 1.203589487219794973e+00
-7.938003656535479458e-01 1.201163668962158759e+00
-7.960646586794342117e-01 1.198734859360719884e+00
-7.983284114842716939e-01 1.196303010142501622e+00
-8.005916338485318251e-01 1.193868073034527244e+00
-8.028543355526858161e-01 1.191429999763820247e+00
-8.051165263772044334e-01 1.188988742057403680e+00
-8.073782161025592208e-01 1.186544251642300596e+00
-8.096394145092210559e-01 1.184096480245534266e+00
-8.119001313776615936e-01 1.181645379594128631e+00
-8.141603764883518224e-01 1.179190901415106296e+00
-8.164201596217628421e-01 1.176732997435490979e+00
-8.186794905583663073e-01 1.174271619382305731e+00
-8.209383790786324298e-01 1.171806718982573603e+00
-8.231968349630334192e-01 1.169338247963318311e+00
-8.254548679920399312e-01 1.166866158051562685e+00
-8.277124879461232876e-01 1.164390400974330664e+00
-8.299697046057548100e-01 1.161910928458644632e+00
-8.322265276847516935e-01 1.159427692213766292e+00
-8.344828278787636000e-01 1.156940606902559843e+00
-8.367380440331060321e-01 1.154449472105820940e+00
-8.389915313831961541e-01 1.151954065123476090e+00
-8.412426451644539060e-01 1.149454163255453576e+00
-8.434907406122972295e-01 1.146949543801680571e+00
-8.457351729621449543e-01 1.144439984062084692e+00
-8.479752974494155771e-01 1.141925261336593334e+00
-8.502104693095281496e-01 1.139405152925134113e+00
-8.524400437779010575e-01 1.136879436127635090e+00
-8.546633760899531307e-01 1.134347888244023217e+00
-8.568798214811030878e-01 1.131810286574226110e+00
-8.590887351867688704e-01 1.129266408418171386e+00
-8.612894724423700854e-01 1.126716031075786439e+00
-8.634813884833247855e-01 1.124158931846999110e+00
-8.656638385450520223e-01 1.121594888031736570e+00
-8.678361778629702927e-01 1.119023676929926658e+00
-8.699977616724982044e-01 1.116445075841497214e+00
-8.721479452090545870e-01 1.113858862066375188e+00
-8.742860837080579373e-01 1.111264812904488419e+00
-8.764115324049268629e-01 1.108662705655764302e+00
-8.785236465350800827e-01 1.106052317620130232e+00
-8.806217813339364264e-01 1.103433426097514269e+00
-8.827052920369142797e-01 1.100805808387843365e+00
-8.847735338794328053e-01 1.098169241791045803e+00
-8.868258620969099448e-01 1.095523503607048310e+00
-8.888616319247649722e-01 1.092868371135778949e+00
-8.908801985984160510e-01 1.090203621677165113e+00
-8.928809173532822330e-01 1.087529032531134199e+00
-8.948631434247820149e-01 1.084844380997614044e+00
-8.968262320483341155e-01 1.082149444376532044e+00
-8.987695384593572534e-01 1.079443999967815593e+00
-9.006924178932697034e-01 1.076727825071392086e+00
-9.025942255854909613e-01 1.074000696987190251e+00
-9.044743167714385246e-01 1.071262393015135705e+00
-9.063320466865323333e-01 1.068512690455157621e+00
-9.081667705661899959e-01 1.065751366607182948e+00
-9.099778436458304531e-01 1.062978198771138860e+00
-9.117646211608727569e-01 1.060192964246953640e+00
-9.135264583467354038e-01 1.057395440334554459e+00
-9.152627104388367796e-01 1.054585404333868492e+00
-9.169727326725956029e-01 1.051762633544823800e+00
-9.186558802834307036e-01 1.048926905267347776e+00
-9.203115085067604673e-01 1.046077996801367815e+00
-9.219389725780042788e-01 1.043215685446811980e+00
-9.235376277325801908e-01 1.040339748503607220e+00
-9.251068292059068110e-01 1.037449963271681153e+00
-9.266459322334029691e-01 1.034546107050961616e+00
-9.281542920504874949e-01 1.031627957141376228e+00
-9.296312638925786631e-01 1.028695290842851717e+00
-9.310762029950956364e-01 1.025747885455316588e+00
-9.324884645934564675e-01 1.022785518278697792e+00
-9.338674039230800972e-01 1.019807966612923167e+00
-9.352123762193855772e-01 1.016815007757920108e+00
-9.365227367177909601e-01 1.013806419013616456e+00
-9.377978406537150757e-01 1.010781977679939381e+00
-9.390370432625769759e-01 1.007741461056816501e+00
-9.402396997797949352e-01 1.004684646444175433e+00
-9.414051654407875613e-01 1.001611311141943572e+00
-9.425327954809739062e-01 9.985212324500489789e-01
-9.436220099097254455e-01 9.954142523851842173e-01
-9.446726961157557723e-01 9.922906799307462666e-01
-9.456849466118036895e-01 9.891510290130568483e-01
-9.466588547883908467e-01 9.859958144354465936e-01
-9.475945140360387819e-01 9.828255510012458007e-01
-9.484920177452699219e-01 9.796407535137854339e-01
-9.493514593066056939e-01 9.764419367763955693e-01
-9.501729321105679693e-01 9.732296155924060610e-01
-9.509565295476786195e-01 9.700043047651479844e-01
-9.517023450084599601e-01 9.667665190979520817e-01
-9.524104718834331962e-01 9.635167733941482071e-01
-9.530810035631204213e-01 9.602555824570671028e-01
-9.537140334380432849e-01 9.569834610900392891e-01
-9.543096548987246575e-01 9.537009240963951751e-01
-9.548679613356847451e-01 9.504084862794647259e-01
-9.553890461394467515e-01 9.471066624425790170e-01
-9.558730027005318819e-01 9.437959673890684575e-01
-9.563199244094622298e-01 9.404769159222634567e-01
-9.567299046567595555e-01 9.371500228454939796e-01
-9.571030368329456195e-01 9.338158029620912126e-01
-9.574394143285426262e-01 9.304747710753848988e-01
-9.577391305340720029e-01 9.271274419887060025e-01
-9.580022788400556211e-01 9.237743305053848220e-01
-9.582289526370157962e-01 9.204159514287519883e-01
-9.584192453154738445e-01 9.170528195621373557e-01
-9.585732502659520815e-01 9.136854497088722216e-01
-9.586910608789720456e-01 9.103143566722862179e-01
-9.587727705450556082e-01 9.069400552557107531e-01
-9.588184726547250847e-01 9.035630602624753482e-01
-9.588282605985014584e-01 9.001838864959108566e-01
-9.588022277669073778e-01 8.968030487593479094e-01
-9.587404675504643814e-01 8.934210618561166939e-01
-9.586430733396941184e-01 8.900384405895477302e-01
-9.585101385251187933e-01 8.866556997629709835e-01
-9.583417564972599445e-01 8.832733541797178622e-01
-9.581380206466399985e-01 8.798919186431183315e-01
-9.578990243637799384e-01 8.765119079565026894e-01
-9.576248610392024130e-01 8.731338369232017893e-01
-9.573156240634289604e-01 8.697582203465459294e-01
-9.569714068269813412e-01 8.663855730298651858e-01
-9.565923027203814266e-01 8.630164097764905229e-01
-9.561784051341514212e-01 8.596512453897523498e-01
-9.557298074588127523e-01 8.562905946729807427e-01
-9.552466030848871803e-01 8.529349724295063329e-01
-9.547288854028970206e-01 8.495848934626597515e-01
-9.541767478033638117e-01 8.462408725757711858e-01
-9.535902836768096469e-01 8.429034245721712670e-01
-9.529695864137561756e-01 8.395730642551904044e-01
-9.523147494047251582e-01 8.362503064281590071e-01
-9.516258660402386882e-01 8.329356658944077063e-01
-9.509030297108188590e-01 8.296296574572669114e-01
-9.501463338069869868e-01 8.263327959200669204e-01
-9.493558717192649432e-01 8.230455960861381426e-01
-9.485317368381748215e-01 8.197685727588110982e-01
-9.476740225542387153e-01 8.165022407414165295e-01
-9.467828222579780517e-01 8.132471148372844016e-01
-9.458582293399147023e-01 8.100037098497455679e-01
-9.449003371905706494e-01 8.067725405821302154e-01
-9.439092440091734204e-01 8.035541113893149845e-01
-9.428851404730728136e-01 8.003487256878113465e-01
-9.418283006667071966e-01 7.971565056654955628e-01
-9.407390016629504359e-01 7.939775670169126887e-01
-9.396175205346753989e-01 7.908120254366061141e-01
-9.384641343547555081e-01 7.876599966191196733e-01
-9.372791201960641860e-01 7.845215962589976444e-01
-9.360627551314744110e-01 7.813969400507841945e-01
-9.348153162338600497e-01 7.782861436890228246e-01
-9.335370805760941915e-01 7.751893228682578130e-01
-9.322283252310501478e-01 7.721065932830335488e-01
-9.308893272716012302e-01 7.690380706278935330e-01
-9.295203637706210831e-01 7.659838705973821549e-01
-9.281217118009825739e-01 7.629441088860429154e-01
-9.266936484355590142e-01 7.599189011884200928e-01
-9.252364507472241595e-01 7.569083631990578542e-01
-9.237503958088512102e-01 7.539126106125000337e-01
-9.222357606933133667e-01 7.509317591232909095e-01
-9.206928224734840516e-01 7.479659244259740936e-01
-9.191218582222365763e-01 7.450152222150938641e-01
-9.175231450124442523e-01 7.420797681851939442e-01
-9.158969599169805020e-01 7.391596780308187231e-01
-9.142435800087183040e-01 7.362550674465119238e-01
-9.125632823605314137e-01 7.333660521268177135e-01
-9.108563440452931426e-01 7.304927477662801483e-01
-9.091230421358765801e-01 7.276352700594429512e-01
-9.073636537051553708e-01 7.247937347008504005e-01
-9.055784558260026040e-01 7.219682573850466634e-01
-9.037677255712913693e-01 7.191589538065751297e-01
-9.019317400138955332e-01 7.163659396599804108e-01
-9.000707762266880740e-01 7.135893306398063407e-01
-8.981851112825424144e-01 7.108292424405967536e-01
-8.962750222543320877e-01 7.080857907568959275e-01
-8.943407862149301835e-01 7.053590912832475857e-01
-8.923826802372102351e-01 7.026492597141961172e-01
-8.904009813940452212e-01 6.999564117442852451e-01
-8.883959667583087860e-01 6.972806630680590256e-01
-8.863679134028741302e-01 6.946221293800614038e-01
-8.843170984006146762e-01 6.919809263748365469e-01
-8.822437988244037355e-01 6.893571697469285109e-01
-8.801482917471145084e-01 6.867509751908810189e-01
-8.780308542416206397e-01 6.841624584012383492e-01
-8.758917633807952186e-01 6.815917350725445578e-01
-8.737312962375114456e-01 6.790389208993432568e-01
-8.715497298846428542e-01 6.765041315761786134e-01
-8.693473413950628670e-01 6.739874827975950167e-01
-8.671244078416445733e-01 6.714890902581360788e-01
-8.648812062972617287e-01 6.690090696523462999e-01
-8.626180138347873116e-01 6.665475366747689590e-01
-8.603351075270943005e-01 6.641046070199484452e-01
-8.580327644470566728e-01 6.616803963824287038e-01
-8.557112616675475181e-01 6.592750204567537908e-01
-8.533708762614402588e-01 6.568885949374678734e-01
-8.510118853016079843e-01 6.545212355191146747e-01
-8.486345658609243392e-01 6.521730578962384728e-01
-8.462391950122627460e-01 6.498441777633832128e-01
-8.438260498284959610e-01 6.475347108150926179e-01
-8.413954073824975177e-01 6.452447727459109661e-01
-8.389475447471412828e-01 6.429744792503823136e-01
-8.364827383549429118e-01 6.407239449692209154e-01
-8.340012320444709637e-01 6.384932309035860065e-01
-8.315032222267541018e-01 6.362823200035784277e-01
-8.289889015742848422e-01 6.340911890668253781e-01
-8.264584627595568112e-01 6.319198148909557222e-01
-8.239120984550633020e-01 6.297681742735972144e-01
-8.213500013332970529e-01 6.276362440123781639e-01
-8.187723640667518010e-01 6.255240009049265471e-01
-8.161793793279203957e-01 6.234314217488707843e-01
-8.135712397892965742e-01 6.213584833418387410e-01
-8.109481381233730746e-01 6.193051624814588374e-01
-8.083102670026429681e-01 6.172714359653588279e-01
-8.056578190996002142e-01 6.152572805911674658e-01
-8.029909870867368848e-01 6.132626731565121725e-01
-8.003099636365476055e-01 6.112875904590215903e-01
-7.976149414215247813e-01 6.093320092963238066e-01
-7.949061131141615943e-01 6.073959064660469087e-01
-7.921836713869512270e-01 6.054792587658188729e-01
-7.894478089123871944e-01 6.035820429932678977e-01
-7.866987183629625680e-01 6.017042359460224032e-01
-7.839365924111708628e-01 5.998458144217103660e-01
-7.811616237295048171e-01 5.980067552179597623e-01
-7.783740049904580571e-01 5.961870351323990125e-01
-7.755739288665235431e-01 5.943866309626562039e-01
-7.727615880301942353e-01 5.926055195063592018e-01
-7.699371751539640929e-01 5.908436775611364267e-01
-7.671008829103257431e-01 5.891010819246159658e-01
-7.642529039717725903e-01 5.873777093944260175e-01
-7.613934310107980385e-01 5.856735367681946691e-01
-7.585226566998950481e-01 5.839885408435501191e-01
-7.556407737115568013e-01 5.823226984181203436e-01
-7.527479747182767023e-01 5.806759862895335411e-01
-7.498444523925479333e-01 5.790483812554181320e-01
-7.469303994068635655e-01 5.774398601134018705e-01
-7.440060084337170032e-01 5.758503996611131770e-01
-7.410714721456015397e-01 5.742799766961800279e-01
-7.381269832150102461e-01 5.727285680162306214e-01
-7.351727343144360827e-01 5.711961504188930450e-01
-7.322089181163728977e-01 5.696827007017957190e-01
-7.292357272933135404e-01 5.681881956625666197e-01
-7.262533545177508598e-01 5.667126120988337235e-01
-7.232619924621787044e-01 5.652559268082252286e-01
-7.202618337990901454e-01 5.638181165883695556e-01
-7.172530712009780318e-01 5.623991582368943476e-01
-7.142358973403362121e-01 5.609990285514284691e-01
-7.112105048896573134e-01 5.596177043295994524e-01
-7.081770865214349620e-01 5.582551623690357179e-01
-7.051358349081618959e-01 5.569113794673650197e-01
-7.020869427223318526e-01 5.555863324222161115e-01
-6.990306026364381253e-01 5.542799980312169694e-01
-6.959670073229732301e-01 5.529923530919952368e-01
-6.928963494544312374e-01 5.517233744021797781e-01
-6.898188217033047742e-01 5.504730387593982366e-01
-6.867346167420870229e-01 5.492413229612789216e-01
-6.836439272432713876e-01 5.480282038054499205e-01
-6.805469458793513837e-01 5.468336580895394317e-01
-6.774438653228200824e-01 5.456576626111757644e-01
-6.743348782461704438e-01 5.445001941679868951e-01
-6.712201773218956502e-01 5.433612295576009110e-01
-6.680999551050358365e-01 5.422407453821856960e-01
-6.649743736968539709e-01 5.411386675642076982e-01
-6.618435242981727251e-01 5.400548040370507508e-01
-6.587074880413388289e-01 5.389889459786280090e-01
-6.555663460586984570e-01 5.379408845668525174e-01
-6.524201794825981171e-01 5.369104109796376534e-01
-6.492690694453847611e-01 5.358973163948964613e-01
-6.461130970794046746e-01 5.349013919905422076e-01
-6.429523435170043655e-01 5.339224289444881588e-01
-6.397868898905304524e-01 5.329602184346473592e-01
-6.366168173323297763e-01 5.320145516389334084e-01
-6.334422069747484008e-01 5.310852197352587956e-01
-6.302631399501330556e-01 5.301720139015375644e-01
-6.270796973908303595e-01 5.292747253156822040e-01
-6.238919604291872645e-01 5.283931451556064252e-01
-6.207000101975496120e-01 5.275270645992232721e-01
-6.175039278282640209e-01 5.266762748244455672e-01
-6.143037944536773320e-01 5.258405670091871320e-01
-6.110996912061362751e-01 5.250197323313607889e-01
-6.078916992179871359e-01 5.242135619688799153e-01
-6.046798996215764221e-01 5.234218470996575556e-01
-6.014643735492508636e-01 5.226443789016071984e-01
-5.982452021333567460e-01 5.218809485526415548e-01
-5.950224665062407992e-01 5.211313472306742245e-01
-5.917962478002495308e-01 5.203953661136183628e-01
-5.885666271477297817e-01 5.196727963793871252e-01
-5.853336856810279487e-01 5.189634292058936671e-01
-5.820975045324902064e-01 5.182670557710513659e-01
-5.788581648344633956e-01 5.175834672527731550e-01
-5.756157477192941352e-01 5.169124548289724119e-01
-5.723703343193288218e-01 5.162538096775621810e-01
-5.691220057669142962e-01 5.156073229764559507e-01
-5.658708431943966222e-01 5.149727859035667654e-01
-5.626169277341228625e-01 5.143499896368076696e-01
-5.593603405184395250e-01 5.137387253540922627e-01
-5.561011626796927843e-01 5.131387842333333671e-01
-5.528394753502290371e-01 5.125499574524444713e-01
-5.495753596623957904e-01 5.119720361893386196e-01
-5.463088967485388858e-01 5.114048116219288564e-01
-5.430401677410048311e-01 5.108480749281287814e-01
-5.397692537721403561e-01 5.103016172858512167e-01
-5.364962359742918574e-01 5.097652298730095399e-01
-5.332211954798063980e-01 5.092387038675171285e-01
-5.299442134210297084e-01 5.087218304472868047e-01
-5.266653709303091846e-01 5.082144007902321681e-01
-5.233847491399907792e-01 5.077162060742659300e-01
-5.201024291824215551e-01 5.072270374773019119e-01
-5.168184921899474649e-01 5.067466861772528253e-01
-5.135330192949153494e-01 5.062749433520320474e-01
-5.102460916296719384e-01 5.058116001795527339e-01
-5.069577903265634067e-01 5.053564478377282621e-01
-5.036681965179369280e-01 5.049092775044717873e-01
-5.003773913361382331e-01 5.044698803576963542e-01
-4.970854559135147177e-01 5.040380475753152290e-01
-4.937924713824120571e-01 5.036135703352415671e-01
-4.904985188751772585e-01 5.031962398153885241e-01
-4.872036795241573293e-01 5.027858471936698104e-01
-4.839080344616979446e-01 5.023821836479979153e-01
-4.806116648201463892e-01 5.019850403562865493e-01
-4.773146517318486715e-01 5.015942084964485348e-01
-4.740170717013308388e-01 5.012094893560925524e-01
-4.707189691511503571e-01 5.008307543074125290e-01
-4.674203749144150155e-01 5.004579044094028539e-01
-4.641213197753477626e-01 5.000908408278512685e-01
-4.608218345181700482e-01 4.997294647285449587e-01
-4.575219499271047097e-01 4.993736772772710553e-01
-4.542216967863736965e-01 4.990233796398171884e-01
-4.509211058801996796e-01 4.986784729819705442e-01
-4.476202079928041089e-01 4.983388584695182533e-01
-4.443190339084100993e-01 4.980044372682482789e-01
-4.410176144112396002e-01 4.976751105439472522e-01
-4.377159802855148385e-01 4.973507794624030254e-01
-4.344141623154582632e-01 4.970313451894026735e-01
-4.311121912852918792e-01 4.967167088907337713e-01
-4.278100979792380243e-01 4.964067717321834494e-01
-4.245079131815193696e-01 4.961014348795390050e-01
-4.212056676763576424e-01 4.958005994985880682e-01
-4.179033922479756247e-01 4.955041667551177698e-01
-4.146011176805949328e-01 4.952120378149155733e-01
-4.112988747584385152e-01 4.949241138437686649e-01
-4.079966942657282658e-01 4.946402960074645638e-01
-4.046946069866863005e-01 4.943604854717902342e-01
-4.013926437055354568e-01 4.940845834025335837e-01
-3.980908352064974620e-01 4.938124909654817429e-01
-3.947892122737951537e-01 4.935441093264218981e-01
-3.914878056916501481e-01 4.932793396511414574e-01
-3.881866462442852272e-01 4.930180831054278845e-01
-3.848857647159221740e-01 4.927602408550683100e-01
-3.815851918907836593e-01 4.925057140658502530e-01
-3.782849585530920211e-01 4.922544039035611219e-01
-3.749850954870692088e-01 4.920062115339881026e-01
-3.716856334769378378e-01 4.917610381229186034e-01
-3.683866033069196910e-01 4.915187848361398104e-01
-3.650880357612377169e-01 4.912793528394393539e-01
-3.617899616241134764e-01 4.910426432986044754e-01
-3.584924116797695848e-01 4.908085573794223055e-01
-3.551954167124286021e-01 4.905769962476805301e-01
-3.518990075063123113e-01 4.903478610691662798e-01
-3.486032148456433277e-01 4.901210530096669626e-01
-3.453080695146435453e-01 4.898964732349697648e-01
-3.420136022975358014e-01 4.896740229108623721e-01
-3.387198439785416570e-01 4.894536032031316375e-01
-3.354268253418838386e-01 4.892351152775654688e-01
-3.321345771717847950e-01 4.890184602999508301e-01
-3.288431302524663646e-01 4.888035394360751851e-01
-3.255525153681511075e-01 4.885902538517257754e-01
-3.222627633030610284e-01 4.883785047126901202e-01
-3.189739048414188538e-01 4.881681931847555167e-01
-3.156859707674462001e-01 4.879592204337090400e-01
-3.123989918653658493e-01 4.877514876253385423e-01
-3.091129989194001393e-01 4.875448959254309322e-01
-3.058280227137707974e-01 4.873393464997737290e-01
-3.025440940327007722e-01 4.871347405141543407e-01
-2.992612436604117909e-01 4.869309791343600646e-01
-2.959795023811265247e-01 4.867279635261780313e-01
-2.926989009790668117e-01 4.865255948553958154e-01
-2.894194702384551565e-01 4.863237742878007697e-01
-2.861412409435141746e-01 4.861224029891801912e-01
-2.828642438784654822e-01 4.859213821253213217e-01
-2.795885087764862775e-01 4.857206128286786773e-01
-2.763140143180473074e-01 4.855199946126225741e-01
-2.730406662789169325e-01 4.853194246784247601e-01
-2.697683648387518840e-01 4.851188000498821706e-01
-2.664970101772093369e-01 4.849180177507916301e-01
-2.632265024739472437e-01 4.847169748049503513e-01
-2.599567419086218356e-01 4.845155682361551031e-01
-2.566876286608911206e-01 4.843136950682028208e-01
-2.534190629104116077e-01 4.841112523248905508e-01
-2.501509448368411936e-01 4.839081370300152840e-01
-2.468831746198364430e-01 4.837042462073739002e-01
-2.436156524390548084e-01 4.834994768807633347e-01
-2.403482784741538536e-01 4.832937260739805785e-01
-2.370809529047900877e-01 4.830868908108224002e-01
-2.338135759106214628e-01 4.828788681150861239e-01
-2.305460476713044882e-01 4.826695550105683519e-01
-2.272782683664969494e-01 4.824588485210661859e-01
-2.240101381758554666e-01 4.822466456703765059e-01
-2.207415572790376035e-01 4.820328434822964137e-01
-2.174724258557008405e-01 4.818173389806227891e-01
-2.142026440855017144e-01 4.816000291891525675e-01
-2.109321121480980665e-01 4.813808111316826288e-01
-2.076607302231465724e-01 4.811595818320099638e-01
-2.043883984903048789e-01 4.809362383139316188e-01
-2.011150171292296895e-01 4.807106776012444183e-01
-1.978404863195785401e-01 4.804827967177454084e-01
-1.945647062410089390e-01 4.802524926872314692e-01
-1.912875770731773117e-01 4.800196625334993694e-01
-1.880089989957416940e-01 4.797842032803465995e-01
-1.847288721883586227e-01 4.795460119515697062e-01
-1.814470968306857446e-01 4.793049855709655693e-01
-1.781635731023798463e-01 4.790610211623314019e-01
-1.748782011830983807e-01 4.788140157494639726e-01
-1.715908812524988836e-01 4.785638663561604944e-01
-1.683015134902378085e-01 4.783104700062175141e-01
-1.650099980759731078e-01 4.780537237234321890e-01
-1.617162351893613459e-01 4.777935245316014545e-01
-1.584201250100603364e-01 4.775297694545223570e-01
-1.551215677177266161e-01 4.772623555159917763e-01
-1.518204634920178042e-01 4.769911797398066478e-01
-1.485167125125912979e-01 4.767161391497639067e-01
-1.452102149591037727e-01 4.764371307696604885e-01
-1.419008710112129867e-01 4.761540516232934395e-01
-1.385885808485755599e-01 4.758667987344596950e-01
-1.352732446508492503e-01 4.755752691269560239e-01
-1.319547625976907612e-01 4.752793598245795281e-01
-1.286330348687575453e-01 4.749789678511273650e-01
-1.253079616437071109e-01 4.746739902303960812e-01
-1.219794431021959807e-01 4.743643239861827787e-01
-1.186473794238820795e-01 4.740498661422845039e-01
-1.153116707884219716e-01 4.737305137224983032e-01
-1.119722173754734151e-01 4.734061637506207787e-01
-1.086289193646930162e-01 4.730767132504489214e-01
-1.052816769357383664e-01 4.727420592457801662e-01
-1.019303902682669044e-01 4.724020987604110600e-01
-9.857495954193522258e-02 4.720567288181385379e-01
-9.521528493640116220e-02 4.717058464427597020e-01
-9.185126663132128777e-02 4.713493486580713765e-01
-8.848280480635339895e-02 4.709871324878706078e-01
-8.510979964115417129e-02 4.706190949559542758e-01
-8.173223433221549206e-02 4.702450712239627517e-01
-7.835053248868591169e-02 4.698645682685729241e-01
-7.496526320686201783e-02 4.694769846529229795e-01
-7.157699567462599832e-02 4.690817188719048625e-01
-6.818629907985877814e-02 4.686781694204099069e-01
-6.479374261044254513e-02 4.682657347933300573e-01
-6.139989545425829365e-02 4.678438134855570363e-01
-5.800532679918784379e-02 4.674118039919823442e-01
-5.461060583311313360e-02 4.669691048074978701e-01
-5.121630174391503948e-02 4.665151144269951700e-01
-4.782298371947581173e-02 4.660492313453660773e-01
-4.443122094767638919e-02 4.655708540575023147e-01
-4.104158261639892502e-02 4.650793810582953269e-01
-3.765463791352443440e-02 4.645742108426372252e-01
-3.427095602693474435e-02 4.640547419054193434e-01
-3.089110614451174089e-02 4.635203727415335151e-01
-2.751565745413639755e-02 4.629705018458715182e-01
-2.414517914369087095e-02 4.624045277133250198e-01
-2.078024040105614159e-02 4.618218488387856313e-01
-1.742141041411437302e-02 4.612218637171452973e-01
-1.406925837074653358e-02 4.606039708432953517e-01
-1.072435345883449367e-02 4.599675687121276835e-01
-7.387264866260123686e-03 4.593120558185339597e-01
-4.058561780904400632e-03 4.586368306574060139e-01
-7.388133906494733297e-04 4.579412917236356240e-01
2.571411116623656488e-03 4.572248375121140684e-01
5.871542553032850845e-03 4.564868665177334028e-01
9.161011730697131428e-03 4.557267772353851831e-01
1.243924946173461180e-02 4.549439681599611873e-01
1.570568655826343890e-02 4.541378377863529714e-01
1.895975383240262185e-02 4.533077846094525909e-01
2.220088209627005954e-02 4.524532071241514353e-01
2.542850216198469515e-02 4.515735038253411715e-01
2.864204484166438594e-02 4.506680732079136886e-01
3.184094094742818265e-02 4.497363137667605981e-01
3.502462129139422009e-02 4.487776239967736225e-01
3.819251668568062613e-02 4.477914023928446507e-01
4.134405794240637866e-02 4.467770474498649058e-01
4.447867587368938697e-02 4.457339576627264432e-01
4.759580129164862200e-02 4.446615315263210966e-01
5.069486500840196530e-02 4.435591675355402552e-01
5.377529783606838087e-02 4.424262641852756417e-01
5.683653058676602088e-02 4.412622199704190340e-01
5.987799407261310686e-02 4.400664333858623767e-01
6.289911910572854037e-02 4.388383029264969482e-01
6.589933649823022377e-02 4.375772270872148040e-01
6.887807706223715576e-02 4.362826043629073336e-01
7.183477160986720400e-02 4.349538332484666481e-01
7.476885095323934638e-02 4.335903122387839148e-01
7.767974590447175587e-02 4.321914398287512449e-01
8.056688727568256381e-02 4.307566145132603608e-01
8.342970587899076196e-02 4.292852347872027075e-01
8.626763252651423186e-02 4.277766991454701184e-01
8.908009803037195140e-02 4.262304060829540386e-01
9.186653320268184375e-02 4.246457540945468012e-01
9.462636885556280353e-02 4.230221416751395180e-01
9.735903580113301758e-02 4.213589673196240781e-01
1.000639648515107283e-01 4.196556295228923705e-01
1.027405868188147747e-01 4.179115267798356737e-01
1.053884427926758960e-01 4.161261983121400387e-01
1.080077485393620557e-01 4.143000443065013583e-01
1.105989748828583169e-01 4.124337904326089710e-01
1.131625931236362459e-01 4.105281629682024924e-01
1.156990745621665900e-01 4.085838881910214271e-01
1.182088904989201383e-01 4.066016923788053350e-01
1.206925122343683598e-01 4.045823018092937207e-01
1.231504110689818354e-01 4.025264427602262551e-01
1.255830583032320480e-01 4.004348415093423319e-01
1.279909252375897588e-01 3.983082243343814000e-01
1.303744831725257569e-01 3.961473175130832969e-01
1.327342034085115252e-01 3.939528473231872496e-01
1.350705572460176307e-01 3.917255400424331513e-01
1.373840159855155285e-01 3.894661219485601178e-01
1.396750509274758134e-01 3.871753193193080422e-01
1.419441333723699405e-01 3.848538584324162071e-01
1.441917346206686712e-01 3.825024655656242278e-01
1.464183259728428221e-01 3.801218669966717201e-01
1.486243787293638485e-01 3.777127890032981328e-01
1.508103641907024561e-01 3.752759578632432480e-01
1.529767536573298503e-01 3.728120998542462372e-01
1.551240184297168201e-01 3.703219412540469380e-01
1.572526298083346818e-01 3.678062083403845772e-01
1.593630590936543356e-01 3.652656273909988816e-01
1.614557775861465427e-01 3.627009246836295220e-01
1.635312565862827305e-01 3.601128264960157810e-01
1.655899673945335493e-01 3.575020591058975516e-01
1.676323813113703431e-01 3.548693487910137279e-01
1.696589696372638179e-01 3.522154218291045358e-01
1.716702036726852898e-01 3.495410044979090913e-01
1.736665547181056868e-01 3.468468230751670656e-01
1.756484940739958256e-01 3.441336038386182405e-01
1.776164930408269949e-01 3.414020730660016212e-01
1.795710229190699558e-01 3.386529570350573781e-01
1.815125550091959417e-01 3.358869820235242942e-01
1.834415606116758246e-01 3.331048743091427622e-01
1.853585110269808378e-01 3.303073601696516204e-01
1.872638775555818258e-01 3.274951658827905399e-01
1.891581314979496609e-01 3.246690177262994692e-01
1.910417441545557149e-01 3.218296419779174689e-01
1.929151868258706104e-01 3.189777649153844874e-01
1.947789308123658025e-01 3.161141128164396963e-01
1.966334474145118305e-01 3.132394119588228776e-01
1.984792079327801773e-01 3.103543886202733137e-01
2.003166836676416596e-01 3.074597690785307869e-01
2.021463459195670664e-01 3.045562796113349124e-01
2.039686659890278808e-01 3.016446464964248619e-01
2.057841151764945864e-01 2.987255960115405840e-01
2.075931647824386939e-01 2.957998544344212499e-01
2.093962861073309090e-01 2.928681480428068640e-01
2.111939504516424648e-01 2.899312031144363200e-01
2.129866291158442060e-01 2.869897459270495665e-01
2.147747934004071158e-01 2.840445027583863302e-01
2.165589146058024550e-01 2.810961998861856159e-01
2.183394640325009017e-01 2.781455635881874833e-01
2.201169129809737723e-01 2.751933201421309927e-01
2.218917327516919114e-01 2.722401958257561483e-01
2.236643946451265796e-01 2.692869169168021215e-01
2.254353699617485107e-01 2.663342096930085279e-01
2.272051303395198896e-01 2.633827761935467748e-01
2.289741495184932363e-01 2.604331674857759404e-01
2.307429020466856551e-01 2.574858766091155382e-01
2.325118624737942952e-01 2.545413964823671216e-01
2.342815053495157229e-01 2.516002200243334097e-01
2.360523052235470043e-01 2.486628401538156230e-01
2.378247366455847334e-01 2.457297497896162031e-01
2.395992741653258651e-01 2.428014418505375083e-01
2.413763923324672711e-01 2.398784092553808978e-01
2.431565656967056011e-01 2.369611449229489519e-01
2.449402688077379764e-01 2.340501417720432797e-01
2.467279762152609357e-01 2.311458927214663783e-01
2.485201624689715727e-01 2.282488906900196624e-01
2.503173021185666203e-01 2.253596285965055457e-01
2.521198697137426725e-01 2.224785993597262201e-01
2.539283398041969897e-01 2.196062958984832947e-01
2.557431869396259994e-01 2.167432111315792109e-01
2.575648856697269617e-01 2.138898379778156056e-01
2.593939105441962489e-01 2.110466693559948925e-01
2.612307361127311212e-01 2.082141981849186529e-01
2.630758369250281170e-01 2.053929173833891342e-01
2.649296875307841082e-01 2.025833198702087501e-01
2.667927624796961328e-01 1.997858985641788043e-01
2.686655363214606185e-01 1.970011463841019883e-01
2.705484836057748810e-01 1.942295562487797722e-01
2.724420788823354034e-01 1.914716210770147087e-01
2.743467967008392794e-01 1.887278337876083512e-01
2.762631116109832141e-01 1.859986872993628637e-01
2.781914981624638017e-01 1.832846745310806325e-01
2.801324309049783023e-01 1.805862884015631553e-01
2.820863843882230881e-01 1.779040218296129017e-01
2.840538331618956414e-01 1.752383677340316193e-01
2.860352517756920010e-01 1.725898190336214999e-01
2.880311147793097049e-01 1.699588686471843468e-01
2.900418967224452915e-01 1.673460094935223241e-01
2.920680721547953551e-01 1.647517344914377069e-01
2.941101156260572114e-01 1.621765365597320763e-01
2.961685016859271768e-01 1.596209086172078739e-01
2.982437048841025673e-01 1.570853435826666811e-01
3.003361997702798103e-01 1.545703343749110226e-01
3.024464608941561661e-01 1.520763739127425074e-01
3.045749628054281732e-01 1.496039551149632718e-01
3.067221800537924814e-01 1.471535709003756187e-01
3.088885871889465173e-01 1.447257141877812125e-01
3.110746587605864311e-01 1.423208778959824117e-01
3.132808693184095938e-01 1.399395549437808250e-01
3.155076934121124888e-01 1.375822382499789776e-01
3.177556055913921540e-01 1.352494207333784226e-01
3.200250804059455167e-01 1.329415953127813799e-01
3.223165924054690046e-01 1.306592549069901521e-01
3.246306161396599332e-01 1.284028924348062928e-01
3.269676261582145083e-01 1.261730008150322713e-01
3.293280970108303229e-01 1.239700729664696965e-01
3.317125032472035828e-01 1.217946018079209963e-01
3.341213194170316036e-01 1.196470802581878212e-01
3.365550200700109795e-01 1.175280012360723630e-01
3.390140797558384156e-01 1.154378576603769108e-01
3.414989730242109500e-01 1.133771424499030595e-01
3.440101744248252880e-01 1.113463485234531675e-01
3.465481207053139334e-01 1.093459397354595020e-01
3.491127383150158803e-01 1.073759875941075470e-01
3.517035873806098611e-01 1.054362819579601762e-01
3.543202200173503069e-01 1.035266065259442675e-01
3.569621883404919260e-01 1.016467449969868098e-01
3.596290444652894269e-01 9.979648107001408419e-02
3.623203405069975180e-01 9.797559844395323236e-02
3.650356285808711854e-01 9.618388081773064646e-02
3.677744608021647488e-01 9.442111189027334317e-02
3.705363892861334163e-01 9.268707536050779794e-02
3.733209661480315078e-01 9.098155492736086092e-02
3.761277435031136207e-01 8.930433428975939614e-02
3.789562734666350741e-01 8.765519714662989292e-02
3.818061081538498547e-01 8.603392719689932633e-02
3.846767996800131706e-01 8.444030813949413017e-02
3.875679001603795637e-01 8.287412367334139052e-02
3.904789617102039090e-01 8.133515749736747180e-02
3.934095364447409149e-01 7.982319331049929356e-02
3.963591764792448457e-01 7.833801481166373371e-02
3.993274339289711317e-01 7.687940569978722605e-02
4.023138609091738704e-01 7.544714967379677339e-02
4.053180095351081591e-01 7.404103043261885120e-02
4.083394319220283175e-01 7.266083167518043451e-02
4.113776801851897202e-01 7.130633710040802653e-02
4.144323064398466872e-01 6.997733040722844966e-02
4.175028628012535936e-01 6.867359529456859568e-02
4.205889013846658697e-01 6.739491546135492617e-02
4.236899743053376133e-01 6.614107460651443005e-02
4.268056336785240323e-01 6.491185642897356889e-02
4.299354316194793357e-01 6.370704462765934550e-02
4.330789202434588425e-01 6.252642290149824922e-02
4.362356516657169836e-01 6.136977494941712324e-02
4.394051780015080233e-01 6.023688447034280385e-02
4.425870513660875583e-01 5.912753516320180813e-02
4.457808238747094087e-01 5.804151072692109031e-02
4.489860476426290603e-01 5.697859486042714666e-02
4.522022747851006663e-01 5.593857126264694529e-02
4.554290574173794903e-01 5.492122363250699635e-02
4.586659476547197967e-01 5.392633566893413610e-02
4.619124976123762938e-01 5.295369107085518001e-02
4.651682594056040232e-01 5.200307353719670067e-02
4.684327851496573047e-01 5.107426676688556905e-02
4.717056269597914575e-01 5.016705445884839243e-02
4.749863369512603573e-01 4.928122031201202097e-02
4.782744672393196006e-01 4.841654802530304114e-02
4.815695699392233964e-01 4.757282129764828921e-02
4.848711971662263420e-01 4.674982382797453900e-02
4.881789010355836456e-01 4.594733931520838394e-02
4.914922336625493493e-01 4.516515145827670191e-02
4.948107471623790499e-01 4.440304395610608634e-02
4.981339936503265120e-01 4.366080050762340126e-02
5.014615252416472213e-01 4.293820481175524006e-02
5.047928940515957752e-01 4.223504056742841128e-02
5.081276521954263270e-01 4.155109147356968874e-02
5.114653517883942513e-01 4.088614122910571441e-02
5.148055449457538124e-01 4.023997353296330376e-02
5.181477837827600519e-01 3.961237208406908489e-02
5.214916204146675671e-01 3.900312058134985244e-02
5.248366069567308445e-01 3.841200272373238023e-02
5.281822955242051476e-01 3.783880221014331025e-02
5.315282382323442967e-01 3.728330273950945101e-02
5.348739871964042214e-01 3.674528801075747225e-02
5.382190945316385200e-01 3.622454172281416168e-02
5.415631123533026781e-01 3.572084757460618210e-02
5.449055927766510710e-01 3.523398926506030038e-02
5.482460879169382961e-01 3.476375049310329729e-02
5.515841498894195061e-01 3.430991495766181482e-02
5.549193308093487431e-01 3.387226635766266147e-02
5.582511827919814928e-01 3.345058839203249312e-02
5.615792579525717976e-01 3.304466475969812522e-02
5.649031084063750319e-01 3.265427915958621363e-02
5.682222862686454601e-01 3.227921529062350442e-02
5.715363436546376796e-01 3.191925685173678529e-02
5.748448326796069541e-01 3.157418754185272597e-02
5.781473054588074367e-01 3.124379105989810723e-02
5.814433141074941691e-01 3.092785110479959187e-02
5.847324107409217486e-01 3.062615137548398841e-02
5.880141474743452168e-01 3.033847557087797006e-02
5.912880764230188380e-01 3.006460738990828635e-02
5.945537497021972095e-01 2.980433053150169029e-02
5.978107194271355951e-01 2.955742869458486896e-02
6.010585377130884810e-01 2.932368557808461354e-02
6.042967566753105757e-01 2.910288488092759029e-02
6.075249284290563656e-01 2.889481030204058346e-02
6.107426050895811143e-01 2.869924554035028705e-02
6.139493387721390860e-01 2.851597429478344020e-02
6.171446815919849893e-01 2.834478026426680633e-02
6.203281856643738656e-01 2.818544714772706905e-02
6.234994031045599794e-01 2.803775864409099872e-02
