-5.582236329179399714e-01 1.441725843521399986e+00
-5.966956496978765845e-01 1.403248477719081677e+00
-6.347985776329004848e-01 1.365075649867821594e+00
-6.725748212161266615e-01 1.326998066256860787e+00
-7.100667849406689935e-01 1.288806433175437860e+00
-7.473168732996428032e-01 1.250291456912793198e+00
-7.843674907861618584e-01 1.211243843758166294e+00
-8.212610418933410372e-01 1.171454300000796200e+00
-8.578725488347546113e-01 1.130668926895046500e+00
-8.923926305355202038e-01 1.088184955793196851e+00
-9.220376838901623850e-01 1.043040001511229109e+00
-9.440124484673745320e-01 9.942687185045051557e-01
-9.561780571991265187e-01 9.415615750769550374e-01
-9.585132061225384303e-01 8.867247330895596802e-01
-9.514228018788151164e-01 8.319901887157749032e-01
-9.353282104012672349e-01 7.795541750410688309e-01
-9.110317339155967753e-01 7.307852189497155981e-01
-8.797179337173829383e-01 6.862212669667066001e-01
-8.425880949508046669e-01 6.463639276952602986e-01
-8.008034516843954842e-01 6.116488980581422652e-01
-7.552871360444249893e-01 5.821200328395165213e-01
-7.068746409112051099e-01 5.576769597364652498e-01
-6.564002032869690195e-01 5.382172189937131090e-01
-6.045487260548652042e-01 5.233898362409006300e-01
-5.517072980230449675e-01 5.123482293345187344e-01
-4.982276789341861245e-01 5.041870232097803717e-01
-4.444537807208395197e-01 4.980179867166881214e-01
-3.906119625280833341e-01 4.932096883651746477e-01
-3.368380264954632386e-01 4.893285227544167948e-01
-2.832654415853015917e-01 4.859459814202983785e-01
-2.299458650839036056e-01 4.826309613249535335e-01
-1.765546484673995997e-01 4.789404252760717240e-01
-1.226590172690214253e-01 4.744279069774943736e-01
-6.784019547776297399e-02 4.686365014451482347e-01
-1.270308345985769402e-02 4.603464845769171254e-01
4.044531956168635756e-02 4.470697689699260624e-01
8.913722618440422796e-02 4.261984517210363754e-01
1.311476022064362867e-01 3.954344109402478380e-01
1.668839707313327370e-01 3.558389707394088997e-01
1.983664450662445955e-01 3.105313058613785593e-01
2.276384098509991738e-01 2.626602353940515333e-01
2.567461022368835999e-01 2.151697114565618851e-01
2.877450891568327784e-01 1.703336225725418374e-01
3.226928419689135130e-01 1.302890817225588471e-01
3.635919030367357752e-01 9.713096936330654907e-02
4.106941828834912434e-01 7.160818098076780769e-02
4.621779348383961983e-01 5.287526689191071605e-02
5.161012968767058062e-01 3.999442592240145394e-02
5.705224069736751780e-01 3.202785689790615259e-02
6.234994031045599794e-01 2.803775864409099872e-02
