-5.582236329179400824e-01 1.441725843521400208e+00
-5.765910085425284270e-01 1.422406526564283791e+00
-5.952828281124062926e-01 1.403186521128661157e+00
-6.142371513044546649e-01 1.384040044272048631e+00
-6.333920377955549741e-01 1.364941313051963645e+00
-6.526855472625886501e-01 1.345864544525923190e+00
-6.720557393824367898e-01 1.326783955751442923e+00
-6.914406738319808232e-01 1.307673763786040499e+00
-7.107784102881021804e-01 1.288508185687232466e+00
-7.300070084276819582e-01 1.269261438512535811e+00
-7.490645279276014756e-01 1.249907739319466415e+00
-7.678890284647422737e-01 1.230421305165542156e+00
-7.864185697159855604e-01 1.210776353108280023e+00
-8.045912113582125436e-01 1.190947100205195675e+00
-8.223450130683046533e-01 1.170907763513806543e+00
-8.396187323703839800e-01 1.150631139359776567e+00
-8.563724910469181495e-01 1.130046529044984371e+00
-8.725912250462666275e-01 1.109032715256607737e+00
-8.882612629960286998e-01 1.087465645356786359e+00
-9.033689335238028750e-01 1.065221266707659042e+00
-9.179005652571885499e-01 1.042175526671365482e+00
-9.318424868237836778e-01 1.018204372610044262e+00
-9.451804682775796218e-01 9.931842587490607999e-01
-9.577578363450496290e-01 9.671208958403997302e-01
-9.690874102691059422e-01 9.403199051344320880e-01
-9.786352529771555897e-01 9.131293356950660467e-01
-9.858674273966060442e-01 8.858972365862104459e-01
-9.902499964548655553e-01 8.589716568717740142e-01
-9.912490230793405965e-01 8.327006456156642589e-01
-9.883305701974400836e-01 8.074322518817912409e-01
-9.810044490077992618e-01 7.834966480215211915e-01
-9.694194681481165254e-01 7.609628949591428215e-01
-9.542084761456248732e-01 7.397022619869397797e-01
-9.360163269700321198e-01 7.195811126526248103e-01
-9.154878745910453031e-01 7.004658105039107685e-01
-8.932679729783726819e-01 6.822227190885101766e-01
-8.700014761017220710e-01 6.647182019541365561e-01
-8.463332379308001752e-01 6.478186226485019850e-01
-8.228755229346922384e-01 6.314014195279800123e-01
-7.997893423861253126e-01 6.154973791964339913e-01
-7.769060472789131033e-01 6.002493158875507051e-01
-7.540494716463923552e-01 5.858025983049359731e-01
-7.310434495218993689e-01 5.723025951521948373e-01
-7.077118149387703339e-01 5.598946751329332283e-01
-6.838784019303415507e-01 5.487242069507561881e-01
-6.593696642100702610e-01 5.389338868339987876e-01
-6.341298738542768820e-01 5.305462182215290312e-01
-6.082662974152636126e-01 5.234174252027179453e-01
-5.818981557849265407e-01 5.173915366081746070e-01
-5.551446698551618653e-01 5.123125812685075386e-01
-5.281250605178661184e-01 5.080245880143258175e-01
-5.009585486649350550e-01 5.043715856762381877e-01
-4.737643288794795571e-01 5.011976274332576864e-01
-4.466338685199217062e-01 4.983724276130061526e-01
-4.195783431403405928e-01 4.958400094559711202e-01
-3.925944784488651917e-01 4.935577693277368172e-01
-3.656790001536230905e-01 4.914831035938875825e-01
-3.388286339627429866e-01 4.895734086200073110e-01
-3.120401055843529670e-01 4.877860807716808966e-01
-2.853101407265808964e-01 4.860785164144920678e-01
-2.586310987564268138e-01 4.844065327283806899e-01
-2.319660384822351540e-01 4.827153496860968063e-01
-2.052659642675534191e-01 4.809458274988380744e-01
-1.784818432436134084e-01 4.790388129118967608e-01
-1.515646425416480869e-01 4.769351526705652988e-01
-1.244653292928895039e-01 4.745756935201357329e-01
-9.713487062856981935e-02 4.719012822059004963e-01
-6.953424663534232830e-02 4.688452690278738788e-01
-4.180719182491476199e-02 4.652041806921137224e-01
-1.425713428813072878e-02 4.606549853800497307e-01
1.280712341957968535e-02 4.548706275480479677e-01
3.907677874278506908e-02 4.475240516524751633e-01
6.424302912605497906e-02 4.382882021496973257e-01
8.799707201395888523e-02 4.268360234960807964e-01
1.100332897715596975e-01 4.128445318950129672e-01
1.302516723016363676e-01 3.962536015649090748e-01
1.488795382846360149e-01 3.774215787010199996e-01
1.661733979630164171e-01 3.567441293173674866e-01
1.823897615792353932e-01 3.346169194279731141e-01
1.977851393757500964e-01 3.114356150468591822e-01
2.126160415950185123e-01 2.875958821880469918e-01
2.271389788566882950e-01 2.634933657240841609e-01
2.416109625819033158e-01 2.394956406653972747e-01
2.562904923411289948e-01 2.158868714362675301e-01
2.714363428572745818e-01 1.929358002004510075e-01
2.873072888532489100e-01 1.709111691217037876e-01
3.041621050519604519e-01 1.500817203637823394e-01
3.222595661763185126e-01 1.307161960904426878e-01
3.418584469492315092e-01 1.130833384654415102e-01
3.631661427688508970e-01 9.741238905312679663e-02
3.860652976106720979e-01 8.368291942094069347e-02
4.103120349501793718e-01 7.177723174612923862e-02
4.356621922833866511e-01 6.157740834395042384e-02
4.618716071063067030e-01 5.296553152966245598e-02
4.886961169149536266e-01 4.582368361852322269e-02
5.158915592053403554e-01 4.003394692579090308e-02
5.432137714734808220e-01 3.547840376672348195e-02
5.704185912153888482e-01 3.203913645657896492e-02
5.972618559270772565e-01 2.959822731061546863e-02
6.234994031045599794e-01 2.803775864409099872e-02
