-5.582236329179399714e-01 1.441725843521399986e+00
-5.677331942303522894e-01 1.432211901687220346e+00
-5.772184398455436627e-01 1.422725988821195386e+00
-5.866800028177024950e-01 1.413264980389798309e+00
-5.961185162010190774e-01 1.403825751859505200e+00
-6.055346130496820356e-01 1.394405178696789482e+00
-6.149289264178807723e-01 1.385000136368125911e+00
-6.243020893598039134e-01 1.375607500339988354e+00
-6.336547349296414167e-01 1.366224146078851787e+00
-6.429874961815822410e-01 1.356846949051190299e+00
-6.523010061698156781e-01 1.347472784723479311e+00
-6.615958979485305758e-01 1.338098528562191580e+00
-6.708728045719162258e-01 1.328721056033802306e+00
-6.801323590941623642e-01 1.319337242604785798e+00
-6.893751945694577277e-01 1.309943963741617035e+00
-6.986019440519916079e-01 1.300538094910769660e+00
-7.078132405959532969e-01 1.291116511578718873e+00
-7.170097172555316423e-01 1.281676089211937875e+00
-7.261920070849164910e-01 1.272213703276902086e+00
-7.353607431382966908e-01 1.262726229240085374e+00
-7.445165584698615335e-01 1.253210542567963159e+00
-7.536600861337999779e-01 1.243663518727008199e+00
-7.627919591843014269e-01 1.234082033183696137e+00
-7.719128106755550611e-01 1.224462961404500838e+00
-7.810232736617502836e-01 1.214803178855897281e+00
-7.901239811970762750e-01 1.205099561004359332e+00
-7.992155663357218831e-01 1.195348983316361302e+00
-8.082986621318766218e-01 1.185548321258378168e+00
-8.173739016397296719e-01 1.175694450296883797e+00
-8.264419179134701032e-01 1.165784245898352944e+00
-8.355029478125617359e-01 1.155814477948910346e+00
-8.445401413680643232e-01 1.145777362934052412e+00
-8.535134251793778937e-01 1.135658928619765584e+00
-8.623810659893680342e-01 1.125444760443498948e+00
-8.711013305409004426e-01 1.115120443842702924e+00
-8.796324855768408169e-01 1.104671564254827487e+00
-8.879327978400547439e-01 1.094083707117322612e+00
-8.959605340734079215e-01 1.083342457867638720e+00
-9.036739610197664918e-01 1.072433401943226006e+00
-9.110313454219952645e-01 1.061342124781533336e+00
-9.179909540229606035e-01 1.050054211820011796e+00
-9.245110535655279849e-01 1.038555248496111361e+00
-9.305499107925631064e-01 1.026830820247281784e+00
-9.360657924469314439e-01 1.014866512510973040e+00
-9.410169652714991395e-01 1.002647910724635327e+00
-9.453635858945329540e-01 9.901624885425835965e-01
-9.490920522355129618e-01 9.774239377425084641e-01
-9.522079691878909680e-01 9.644651401186745687e-01
-9.547173815791518692e-01 9.513194170109713355e-01
-9.566263342367803402e-01 9.380200897592880782e-01
-9.579408719882609446e-01 9.246004797035142220e-01
-9.586670396610785794e-01 9.110939081835390807e-01
-9.588108820827181411e-01 8.975336965392523014e-01
-9.583784440806639715e-01 8.839531661105431981e-01
-9.573757704824006343e-01 8.703856382373008627e-01
-9.558089061154130261e-01 8.568644342594147201e-01
-9.536838958071859329e-01 8.434228755167745284e-01
-9.510067843852040292e-01 8.300942833492694906e-01
-9.477836166769519899e-01 8.169119790967889205e-01
-9.440204399270493152e-01 8.039092788472214091e-01
-9.397259786744887045e-01 7.911136814082467827e-01
-9.349167550356506373e-01 7.785357428512201805e-01
-9.296107029259557120e-01 7.661829516615420443e-01
-9.238257562608238604e-01 7.540627963246131493e-01
-9.175798489556754589e-01 7.421827653258338264e-01
-9.108909149259309945e-01 7.305503471506048507e-01
-9.037768880870107324e-01 7.191730302843274414e-01
-8.962557023543349377e-01 7.080583032124014853e-01
-8.883452916433240976e-01 6.972136544202283126e-01
-8.800635898693982551e-01 6.866465723932080323e-01
-8.714285309479774533e-01 6.763645456167415304e-01
-8.624580487944827345e-01 6.663750625762296931e-01
-8.531700773243341418e-01 6.566856117570730733e-01
-8.435825504529519403e-01 6.473036816446722241e-01
-8.337133571713450930e-01 6.382366867927442566e-01
-8.235782414637322635e-01 6.294885117374019456e-01
-8.131899054933572346e-01 6.210580351184386005e-01
-8.025608202472045427e-01 6.129437551310422672e-01
-7.917034567122595012e-01 6.051441699704013244e-01
-7.806302858755069796e-01 5.976577778317037071e-01
-7.693537787239320691e-01 5.904830769101376831e-01
-7.578864062445196392e-01 5.836185654008914092e-01
-7.462406394242547814e-01 5.770627414991530424e-01
-7.344289492501222538e-01 5.708141034001107395e-01
-7.224638067091075921e-01 5.648711492989526572e-01
-7.103576827881951106e-01 5.592323773908669526e-01
-6.981230484743705667e-01 5.538962858710418935e-01
-6.857723747546183857e-01 5.488613729346654146e-01
-6.733181326159237701e-01 5.441261367769260060e-01
-6.607724932137032381e-01 5.396885766278232133e-01
-6.481436229700404672e-01 5.355400272339239098e-01
-6.354368345946603824e-01 5.316670743317700731e-01
-6.226573794881179458e-01 5.280562016301508788e-01
-6.098105090509690074e-01 5.246938928378559464e-01
-5.969014746837689733e-01 5.215666316636748956e-01
-5.839355277870729166e-01 5.186609018163969020e-01
-5.709179197614372425e-01 5.159631870048119184e-01
-5.578539020074166910e-01 5.134599709377091203e-01
-5.447487259255671121e-01 5.111377373238782384e-01
-5.316076429164439121e-01 5.089829698721084483e-01
-5.184359043806024969e-01 5.069821522911897027e-01
-5.052387617185982727e-01 5.051217682899109551e-01
-4.920214663309870895e-01 5.033883015770622693e-01
-4.787892696183242425e-01 5.017682358614328209e-01
-4.655470966749636341e-01 5.002487676832420016e-01
-4.522977733332096961e-01 4.988216795205854259e-01
-4.390432942134651628e-01 4.974805696735232763e-01
-4.257856518660360634e-01 4.962190409643416067e-01
-4.125268388412284826e-01 4.950306962153265267e-01
-3.992688476893482830e-01 4.939091382487642012e-01
-3.860136709607013827e-01 4.928479698869407954e-01
-3.727633012055939776e-01 4.918407939521424188e-01
-3.595197309743313752e-01 4.908812132666549588e-01
-3.462849528172196600e-01 4.899628306527646915e-01
-3.330609592845650835e-01 4.890792489327577264e-01
-3.198497429266732306e-01 4.882240709289203950e-01
-3.066532962938504636e-01 4.873908994635385294e-01
-2.934736119364020901e-01 4.865733373588981836e-01
-2.803126823409324286e-01 4.857649874352657493e-01
-2.671709353156789812e-01 4.849594028907301402e-01
-2.540431735021123627e-01 4.841499585269621320e-01
-2.409229358939156129e-01 4.833299890703334767e-01
-2.278037614847707726e-01 4.824928292472154268e-01
-2.146791892683609648e-01 4.816318137839794566e-01
-2.015427582383689242e-01 4.807402774069974294e-01
-1.883880073884773854e-01 4.798115548426405419e-01
-1.752084757123694436e-01 4.788389808172806572e-01
-1.619977022037271397e-01 4.778158900572889167e-01
-1.487492258562336800e-01 4.767356172890371280e-01
-1.354565856635716603e-01 4.755914972388968209e-01
-1.221133206194239401e-01 4.743768646332394145e-01
-1.087129697174734483e-01 4.730850541984364388e-01
-9.524907195140241978e-02 4.717094006608594237e-01
-8.171525072022456371e-02 4.702431758500492665e-01
-6.811812340044938463e-02 4.686699687947378790e-01
-5.449119779492058585e-02 4.669533304220106484e-01
-4.087131535694839973e-02 4.650543275024712764e-01
-2.729531753984210454e-02 4.629340268067226316e-01
-1.380004579691195173e-02 4.605534951053677495e-01
-4.223415814678531562e-04 4.578737991690101095e-01
1.280095365318029317e-02 4.548560057682528579e-01
2.583299845372229869e-02 4.514611816736991967e-01
3.863695136684877629e-02 4.476503936559520502e-01
5.117597093924956819e-02 4.433847084856150089e-01
6.341321571761472653e-02 4.386251929332908861e-01
7.531184424863432425e-02 4.333329137695830502e-01
8.683501507899825389e-02 4.274689377650949251e-01
9.794588675539703249e-02 4.209943316904291577e-01
1.086092034708441983e-01 4.138721857833296269e-01
1.188228482204227443e-01 4.061078792056549425e-01
1.286160915003519978e-01 3.977468451818985673e-01
1.380194388692711494e-01 3.888360930182978570e-01
1.470633958858191814e-01 3.794226320210901671e-01
1.557784681086356315e-01 3.695534714965124090e-01
1.641951610963596764e-01 3.592756207508021604e-01
1.723439804076303261e-01 3.486360890901964993e-01
1.802554316010867852e-01 3.376818858209327257e-01
1.879600202353682303e-01 3.264600202492485836e-01
1.954882518691139492e-01 3.150175016813804296e-01
2.028706320609631464e-01 3.034013394235659522e-01
2.101376663695548874e-01 2.916585427820425069e-01
2.173198603535284601e-01 2.798361210630471718e-01
2.244477195715228746e-01 2.679810835728176910e-01
2.315517692468174182e-01 2.561390273059446221e-01
2.386626689168922788e-01 2.443459028301189495e-01
2.458111342622671947e-01 2.326336285279099469e-01
2.530278811521043392e-01 2.210341092335883217e-01
2.603436254555661633e-01 2.095792497814255306e-01
2.677890830418152013e-01 1.983009550056918369e-01
2.753949697800136542e-01 1.872311297406584474e-01
2.831920015393241119e-01 1.764016788205964303e-01
2.912108941889087754e-01 1.658445070797766874e-01
2.994823635979299015e-01 1.555915193524703422e-01
3.080371256355503018e-01 1.456746204729479077e-01
3.169058961709321776e-01 1.361257152754805633e-01
3.261193910732377854e-01 1.269767085943392937e-01
3.357083262116296596e-01 1.182595052637950006e-01
3.457034135153888577e-01 1.100060070889151281e-01
3.561230727053095735e-01 1.022386649282569782e-01
3.669462297371950954e-01 9.494956459566389340e-02
3.781438946668356782e-01 8.812470571243888329e-02
3.896870775500219097e-01 8.175008789988499891e-02
4.015467884425436007e-01 7.581171077930534685e-02
4.136940374001914500e-01 7.029557397200263125e-02
4.260998344787556014e-01 6.518767709928000031e-02
4.387351897340263651e-01 6.047401978244046350e-02
4.515711132217938850e-01 5.614060164278700943e-02
4.645786149978483048e-01 5.217342230162273775e-02
4.777287051179803234e-01 4.855848138025044280e-02
4.909923936379800846e-01 4.528177849997324506e-02
5.043406906136378431e-01 4.232931328209413313e-02
5.177446061007435762e-01 3.968708534791611647e-02
5.311751501550878718e-01 3.734109431874223228e-02
5.446033328324609846e-01 3.527733981587537204e-02
5.580001641886533914e-01 3.348182146061860071e-02
5.713366542794550140e-01 3.194053887427491384e-02
5.845838131606561072e-01 3.063949167814730007e-02
5.977126508880471478e-01 2.956467949353878272e-02
6.106941775174182796e-01 2.870210194175236429e-02
6.234994031045599794e-01 2.803775864409099872e-02
