-5.582236329179399714e-01 1.441725843521399986e+00
-5.594084706222273162e-01 1.440540173479056607e+00
-5.605929231281648883e-01 1.439354979934766465e+00
-5.617769916560193533e-01 1.438170256865720642e+00
-5.629606774260573765e-01 1.436985998249111995e+00
-5.641439816585456235e-01 1.435802198062131607e+00
-5.653269055737504267e-01 1.434618850281971891e+00
-5.665094503919385627e-01 1.433435948885824596e+00
-5.676916173333764748e-01 1.432253487850881246e+00
-5.688734076183311617e-01 1.431071461154334035e+00
-5.700548224670686226e-01 1.429889862773374709e+00
-5.712358630998559672e-01 1.428708686685195683e+00
-5.724165307369596389e-01 1.427527926866988262e+00
-5.735968265986461923e-01 1.426347577295944635e+00
-5.747767519051821816e-01 1.425167631949256553e+00
-5.759563078768343836e-01 1.423988084804115539e+00
-5.771354957338693525e-01 1.422808929837713787e+00
-5.783143166965534210e-01 1.421630161027243489e+00
-5.794927719851533654e-01 1.420451772349895503e+00
-5.806708628199359623e-01 1.419273757782863132e+00
-5.818485904211678772e-01 1.418096111303337903e+00
-5.830259560091153315e-01 1.416918826888511340e+00
-5.842029608040452127e-01 1.415741898515575192e+00
-5.853796060262240752e-01 1.414565320161721651e+00
-5.865558928959184737e-01 1.413389085804142908e+00
-5.877318226333947404e-01 1.412213189420029380e+00
-5.889073964589199850e-01 1.411037624986574590e+00
-5.900826155927606509e-01 1.409862386480970065e+00
-5.912574812551831815e-01 1.408687467880407551e+00
-5.924319946664541314e-01 1.407512863162078576e+00
-5.936061570468403881e-01 1.406338566303175330e+00
-5.947799696166082839e-01 1.405164571280889563e+00
-5.959534335960244844e-01 1.403990872072413021e+00
-5.971265502053556551e-01 1.402817462654938341e+00
-5.982993206648685725e-01 1.401644337005656826e+00
-5.994717461948295689e-01 1.400471489101760225e+00
-6.006438280155053100e-01 1.399298912920440952e+00
-6.018155673471622391e-01 1.398126602438890087e+00
-6.029869654100673548e-01 1.396954551634300490e+00
-6.041580234244869896e-01 1.395782754483863242e+00
-6.053287426106876978e-01 1.394611204964770756e+00
-6.064991241889362561e-01 1.393439897054214560e+00
-6.076691693794992188e-01 1.392268824729386401e+00
-6.088388794026430295e-01 1.391097981967478914e+00
-6.100082554786343536e-01 1.389927362745682737e+00
-6.111772988277398566e-01 1.388756961041190952e+00
-6.123460106702263150e-01 1.387586770831195526e+00
-6.135143922263601723e-01 1.386416786092887543e+00
-6.146824447164080940e-01 1.385247000803459194e+00
-6.158501693606364125e-01 1.384077408940102227e+00
-6.170175673793120152e-01 1.382908004480008834e+00
-6.181846399927013458e-01 1.381738781400370542e+00
-6.193513884210710696e-01 1.380569733678379318e+00
-6.205178138846877411e-01 1.379400855291227135e+00
-6.216839176038180259e-01 1.378232140216105739e+00
-6.228497007987287004e-01 1.377063582430207989e+00
-6.240151646896858750e-01 1.375895175910724078e+00
-6.251803104969566593e-01 1.374726914634847308e+00
-6.263451394408071637e-01 1.373558792579768539e+00
-6.275096527415044978e-01 1.372390803722679964e+00
-6.286738516193152160e-01 1.371222942040773995e+00
-6.298377372945056507e-01 1.370055201511243048e+00
-6.310013109873423565e-01 1.368887576111276649e+00
-6.321645739180921097e-01 1.367720059818068767e+00
-6.333275273070215761e-01 1.366552646608810706e+00
-6.344901723743969768e-01 1.365385330460694213e+00
-6.356525103404855326e-01 1.364218105350911703e+00
-6.368145424255534648e-01 1.363050965256654035e+00
-6.379762698498672169e-01 1.361883904155113623e+00
-6.391376938336940094e-01 1.360716916023483103e+00
-6.402988155972996198e-01 1.359549994838953113e+00
-6.414596363609510465e-01 1.358383134578715845e+00
-6.426201573449151772e-01 1.357216329219963935e+00
-6.437803797694583441e-01 1.356049572739888687e+00
-6.449403048548467687e-01 1.354882859115682070e+00
-6.460999338213476717e-01 1.353716182324536055e+00
-6.472592678892272744e-01 1.352549536343641723e+00
-6.484183082787526864e-01 1.351382915150192376e+00
-6.495770562101899070e-01 1.350216312721379097e+00
-6.507355129038056019e-01 1.349049723034393633e+00
-6.518936795798667694e-01 1.347883140066428398e+00
-6.530515574586398531e-01 1.346716557794674918e+00
-6.542091477603911853e-01 1.345549970196324718e+00
-6.553664517053878757e-01 1.344383371248571102e+00
-6.565234705138958127e-01 1.343216754928604040e+00
-6.576802054061822167e-01 1.342050115213616390e+00
-6.588366576025135313e-01 1.340883446080800567e+00
-6.599928283231561998e-01 1.339716741507347209e+00
-6.611487187883769989e-01 1.338549995470449172e+00
-6.623043302184424830e-01 1.337383201947298206e+00
-6.634596638336190955e-01 1.336216354915085613e+00
-6.646147208541737239e-01 1.335049448351004253e+00
-6.657695025003729228e-01 1.333882476232245207e+00
-6.669240099924830245e-01 1.332715432536000444e+00
-6.680782445507709166e-01 1.331548311239461935e+00
-6.692322073955028205e-01 1.330381106319821871e+00
-6.703858997469459569e-01 1.329213811754272001e+00
-6.715393228253663249e-01 1.328046421520003628e+00
-6.726924778510309233e-01 1.326878929594209611e+00
-6.738453660442063065e-01 1.325711329954081030e+00
-6.749979886251589178e-01 1.324543616576810301e+00
-6.761503468141550899e-01 1.323375783439588727e+00
-6.773024418314620432e-01 1.322207824519608499e+00
-6.784542748973459991e-01 1.321039733794062032e+00
-6.796058472320735122e-01 1.319871505240140408e+00
-6.807571600559118030e-01 1.318703132835036040e+00
-6.819082145891264268e-01 1.317534610555940233e+00
-6.830590120519849373e-01 1.316365932380045622e+00
-6.842095536647535559e-01 1.315197092284543956e+00
-6.853598406476986149e-01 1.314028084246626538e+00
-6.865098742210872240e-01 1.312858902243485559e+00
-6.876596556051857156e-01 1.311689540252312991e+00
-6.888091860202606442e-01 1.310519992250300803e+00
-6.899584666865785643e-01 1.309350252214640520e+00
-6.911074988244064743e-01 1.308180314122524557e+00
-6.922562836540104847e-01 1.307010171951143995e+00
-6.934048223956574830e-01 1.305839819677691693e+00
-6.945531162696141347e-01 1.304669251279358733e+00
-6.957011664961467723e-01 1.303498460733337527e+00
-6.968489742955221722e-01 1.302327442016819603e+00
-6.979965408880067779e-01 1.301156189106997374e+00
-6.991438674938674769e-01 1.299984695981061922e+00
-7.002909553333707127e-01 1.298812956616205661e+00
-7.014378056267828176e-01 1.297640964989620338e+00
-7.025844195943710124e-01 1.296468715078497924e+00
-7.037307984564015184e-01 1.295296200860030611e+00
-7.048769434331406680e-01 1.294123416311409258e+00
-7.060228557448556819e-01 1.292950355409826946e+00
-7.071685366118127813e-01 1.291777012132474978e+00
-7.083139872542786319e-01 1.290603380456545324e+00
-7.094592088925194551e-01 1.289429454359229732e+00
-7.106042027468026934e-01 1.288255227817719950e+00
-7.117489700373942352e-01 1.287080694809208392e+00
-7.128935119845610791e-01 1.285905849310886584e+00
-7.140378298085696684e-01 1.284730685299946717e+00
-7.151819247296865578e-01 1.283555196753580097e+00
-7.163257979681784127e-01 1.282379377648979135e+00
-7.174694507443120095e-01 1.281203221963335581e+00
-7.186128842783533477e-01 1.280026723673841182e+00
-7.197560997905696478e-01 1.278849876757687687e+00
-7.208990985012274644e-01 1.277672675192067508e+00
-7.220418816305931298e-01 1.276495112954172617e+00
-7.231844503989335315e-01 1.275317184021193873e+00
-7.243268060265148911e-01 1.274138882370324133e+00
-7.254689497336040960e-01 1.272960201978754702e+00
-7.266108827404677006e-01 1.271781136823677771e+00
-7.277526062673721485e-01 1.270601680882285089e+00
-7.288941215345845492e-01 1.269421828131769070e+00
-7.300354297623709021e-01 1.268241572549320795e+00
-7.311765321709980947e-01 1.267060908112132456e+00
-7.323174299807324594e-01 1.265879828797396023e+00
-7.334581244118409948e-01 1.264698328582303466e+00
-7.345986166845903664e-01 1.263516401444046755e+00
-7.357389080192464625e-01 1.262334041359817194e+00
-7.368789996360767258e-01 1.261151242306806974e+00
-7.380188927553470446e-01 1.259967998262208289e+00
-7.391585885973246395e-01 1.258784303203212440e+00
-7.402980883822757319e-01 1.257600151107012065e+00
-7.414373933304670983e-01 1.256415535950798690e+00
-7.425765046621652932e-01 1.255230451711763617e+00
-7.437154235976369820e-01 1.254044892367099928e+00
-7.448541513571482753e-01 1.252858851893998038e+00
-7.459926891609666155e-01 1.251672324269651471e+00
-7.471310382293578911e-01 1.250485303471250864e+00
-7.482691997825891006e-01 1.249297783475988188e+00
-7.494071750409267985e-01 1.248109758261056079e+00
-7.505449652246374281e-01 1.246921221803646285e+00
-7.516825715539876551e-01 1.245732168080949442e+00
-7.528199952492442559e-01 1.244542591070159299e+00
-7.539572375306735630e-01 1.243352484748466269e+00
-7.550942996185421308e-01 1.242161843093062989e+00
-7.562311827331171799e-01 1.240970660081141208e+00
-7.573678880946644876e-01 1.239778929689892673e+00
-7.585044169234511635e-01 1.238586645896509353e+00
-7.596407704397437621e-01 1.237393802678183441e+00
-7.607769498638087269e-01 1.236200394012106463e+00
-7.619129564159126122e-01 1.235006413875469722e+00
-7.630487913163220837e-01 1.233811856245466076e+00
-7.641844557853042508e-01 1.232616715099287497e+00
-7.653199510431247798e-01 1.231420984414124842e+00
-7.664552783100510025e-01 1.230224658167170970e+00
-7.675904388063493622e-01 1.229027730335617408e+00
-7.687254337522860803e-01 1.227830194896655902e+00
-7.698602643681282665e-01 1.226632045827478423e+00
-7.709949318741422530e-01 1.225433277105276941e+00
-7.721294374905947056e-01 1.224233882707242982e+00
-7.732637824377521785e-01 1.223033856610569181e+00
-7.743979679358814483e-01 1.221833192792447065e+00
-7.755319952052488475e-01 1.220631885230067937e+00
-7.766658654661210415e-01 1.219429927900624211e+00
-7.777995799387646958e-01 1.218227314781307857e+00
-7.789331398434466980e-01 1.217024039849310846e+00
-7.800665464004333804e-01 1.215820097081824924e+00
-7.811998008299910756e-01 1.214615480456041841e+00
-7.823329043523866710e-01 1.213410183949153121e+00
-7.834658581878869432e-01 1.212204201538351622e+00
-7.845986635567581136e-01 1.210997527200828427e+00
-7.857313216792671806e-01 1.209790154913775950e+00
-7.868638337756803658e-01 1.208582078654385494e+00
-7.879962010662643346e-01 1.207373292399849252e+00
-7.891284247712861966e-01 1.206163790127359636e+00
-7.902605061110117290e-01 1.204953565814107286e+00
-7.913924463057081526e-01 1.203742613437285058e+00
-7.925242465756416888e-01 1.202530926974084480e+00
-7.936559081410794469e-01 1.201318500401697964e+00
-7.947874322222876486e-01 1.200105327697316815e+00
-7.959188200395328483e-01 1.198891402838133002e+00
-7.970500728130814894e-01 1.197676719801338052e+00
-7.981811917632009035e-01 1.196461272564125045e+00
-7.993121781101569789e-01 1.195245055103684617e+00
-8.004430330742167143e-01 1.194028061397209406e+00
-8.015737578756463311e-01 1.192810285421890493e+00
-8.027043537347128277e-01 1.191591721154920958e+00
-8.038348218716824256e-01 1.190372362573491660e+00
-8.049651635068222344e-01 1.189152203654795015e+00
-8.060953798603983644e-01 1.187931238376022769e+00
-8.072254721526779253e-01 1.186709460714366671e+00
-8.083554416039269164e-01 1.185486864647018690e+00
-8.094852894344123362e-01 1.184263444151171019e+00
-8.106150168644006282e-01 1.183039193204014961e+00
-8.117446251141583469e-01 1.181814105782742708e+00
-8.128741154039524908e-01 1.180588175864546230e+00
-8.140034889540490592e-01 1.179361397426617275e+00
-8.151327469847151619e-01 1.178133764446148035e+00
-8.162618907162172421e-01 1.176905270900329814e+00
-8.173909213688217434e-01 1.175675910766354804e+00
-8.185198401627952203e-01 1.174445678021414752e+00
-8.196486483184046712e-01 1.173214566642702072e+00
-8.207773470559166507e-01 1.171982570607408514e+00
-8.219059375955972691e-01 1.170749683892724935e+00
-8.230344211577136360e-01 1.169515900475844639e+00
-8.241627989625319728e-01 1.168281214333958484e+00
-8.252910722303190560e-01 1.167045619444258664e+00
-8.264192421813415512e-01 1.165809109783937370e+00
-8.275473100358661238e-01 1.164571679330186571e+00
-8.286752770141592173e-01 1.163333322060197350e+00
-8.298031443364874971e-01 1.162094031951162343e+00
-8.309309132231174067e-01 1.160853802980273075e+00
-8.320585848941918217e-01 1.159612629124688432e+00
-8.331861460890344073e-01 1.158370500502631906e+00
-8.343135291390544328e-01 1.157127392733378723e+00
-8.354406535997956906e-01 1.155883278031615280e+00
-8.365674390268024174e-01 1.154638128612027970e+00
-8.376938049756182947e-01 1.153391916689302965e+00
-8.388196710017873370e-01 1.152144614478126661e+00
-8.399449566608540030e-01 1.150896194193185007e+00
-8.410695815083616411e-01 1.149646628049163954e+00
-8.421934650998545990e-01 1.148395888260750786e+00
-8.433165269908770023e-01 1.147143947042631007e+00
-8.444386867369727545e-01 1.145890776609491013e+00
-8.455598638936853151e-01 1.144636349176016976e+00
-8.466799780165594758e-01 1.143380636956895513e+00
-8.477989486611386960e-01 1.142123612166812796e+00
-8.489166953829671014e-01 1.140865247020454332e+00
-8.500331377375887065e-01 1.139605513732507625e+00
-8.511481952805476370e-01 1.138344384517657959e+00
-8.522617875673877963e-01 1.137081831590591952e+00
-8.533738341536531991e-01 1.135817827165995997e+00
-8.544842545948875268e-01 1.134552343458556045e+00
-8.555929684466352381e-01 1.133285352682958713e+00
-8.566998952644400145e-01 1.132016827053889507e+00
-8.578049546038460926e-01 1.130746738786035710e+00
-8.589080660203972650e-01 1.129475060094083272e+00
-8.600091490696375462e-01 1.128201763192717921e+00
-8.611081233071106178e-01 1.126926820296626053e+00
-8.622049082883613824e-01 1.125650203620494727e+00
-8.632994235689330775e-01 1.124371885379009228e+00
-8.643915887043697177e-01 1.123091837786856395e+00
-8.654813232502155396e-01 1.121810033058722400e+00
-8.665685467620143356e-01 1.120526443409292972e+00
-8.676531787953104535e-01 1.119241041053254948e+00
-8.687351389056475748e-01 1.117953798205294724e+00
-8.698143466485698250e-01 1.116664687080098251e+00
-8.708907215796212187e-01 1.115373679892351477e+00
-8.719641832543454374e-01 1.114080748856741243e+00
-8.730346512282867177e-01 1.112785866187953498e+00
-8.741020450569890743e-01 1.111489004100674194e+00
-8.751662842959965216e-01 1.110190134809590612e+00
-8.762272885008530743e-01 1.108889230529388259e+00
-8.772849772271023028e-01 1.107586263474753085e+00
-8.783392700302887768e-01 1.106281205860371708e+00
-8.793900864659563998e-01 1.104974029900930965e+00
-8.804373460896485204e-01 1.103664707811115919e+00
-8.814809684569101522e-01 1.102353211805614075e+00
-8.825208731232845327e-01 1.101039514099110939e+00
-8.835569796443158985e-01 1.099723586906292905e+00
-8.845892075755483752e-01 1.098405402441846146e+00
-8.856174764725255333e-01 1.097084932920457279e+00
-8.866417058907917204e-01 1.095762150556812253e+00
-8.876618153858910620e-01 1.094437027565597464e+00
-8.886777245133669068e-01 1.093109536161498641e+00
-8.896893528287638242e-01 1.091779648559202842e+00
-8.906966198876259400e-01 1.090447336973396242e+00
-8.916994452454969355e-01 1.089112573618764790e+00
-8.926977484579204924e-01 1.087775330709994659e+00
-8.936914490804410693e-01 1.086435580461772021e+00
-8.946804666686025698e-01 1.085093295088783494e+00
-8.956647207779488973e-01 1.083748446805715249e+00
-8.966441309640241775e-01 1.082401007827253681e+00
-8.976186167823722029e-01 1.081050950368084518e+00
-8.985880977885368770e-01 1.079698246642894377e+00
-8.995524935380626586e-01 1.078342868866369875e+00
-9.005117235864933400e-01 1.076984789253196739e+00
-9.014657074893728250e-01 1.075623980018061587e+00
-9.024143648022450170e-01 1.074260413375649925e+00
-9.033576150806540417e-01 1.072894061540649036e+00
-9.042953778801436915e-01 1.071524896727744425e+00
-9.052275727562585361e-01 1.070152891151623153e+00
-9.061541192645418130e-01 1.068778017026970506e+00
-9.070749369605379808e-01 1.067400246568473099e+00
-9.079899453997908321e-01 1.066019551990817549e+00
-9.088990641378446034e-01 1.064635905508689584e+00
-9.098022127302431983e-01 1.063249279336776487e+00
-9.106993107325304093e-01 1.061859645689763321e+00
-9.115902777002502511e-01 1.060466976782336923e+00
-9.124750331889468491e-01 1.059071244829183023e+00
-9.133534967541643290e-01 1.057672422044988680e+00
-9.142255879514463723e-01 1.056270480644439402e+00
-9.150912263363372157e-01 1.054865392842222027e+00
-9.159503314643807625e-01 1.053457130853022727e+00
-9.168028228911210276e-01 1.052045666891527231e+00
-9.176486201721016922e-01 1.050630973172422156e+00
-9.184876428628673262e-01 1.049213021910394339e+00
-9.193198105189614999e-01 1.047791785320129065e+00
-9.201450426959282280e-01 1.046367235616312952e+00
-9.209632589493118582e-01 1.044939345013632614e+00
-9.217743788346561828e-01 1.043508085726774004e+00
-9.225783219075047725e-01 1.042073429970423071e+00
-9.233750077234020859e-01 1.040635349959266653e+00
-9.241643558378921375e-01 1.039193817907990702e+00
-9.249462858065189419e-01 1.037748806031281612e+00
-9.257207171848262917e-01 1.036300286543825333e+00
-9.264875695283579793e-01 1.034848231660308704e+00
-9.272467623926582414e-01 1.033392613595417231e+00
-9.279982153332713146e-01 1.031933404563837753e+00
-9.287418479057405474e-01 1.030470576780256220e+00
-9.294775796656108424e-01 1.029004102459359249e+00
-9.302053301684257702e-01 1.027533953815832790e+00
-9.309250189697287903e-01 1.026060103064363016e+00
-9.316365656250644722e-01 1.024582522419636543e+00
-9.323398896899768307e-01 1.023101184096339322e+00
-9.330349107200095471e-01 1.021616060309157747e+00
-9.337215482707068581e-01 1.020127123272777991e+00
-9.343997218976128893e-01 1.018634345201886671e+00
-9.350693511562711002e-01 1.017137698311169292e+00
-9.357303556022257274e-01 1.015637154815312915e+00
-9.363826547910211184e-01 1.014132686929003491e+00
-9.370261682782006218e-01 1.012624266866926748e+00
-9.376608156193090293e-01 1.011111866843769969e+00
-9.382865163698895783e-01 1.009595459074218438e+00
-9.389031900854869495e-01 1.008075015772959215e+00
-9.395107563216443802e-01 1.006550509154678252e+00
-9.401091346339063293e-01 1.005021911434061499e+00
-9.406982445778167001e-01 1.003489194825795572e+00
-9.412780057089196184e-01 1.001952331544566865e+00
-9.418483375827586546e-01 1.000411293805060886e+00
-9.424091597548783783e-01 9.988660538219649165e-01
-9.429603927050693724e-01 9.973165847333952394e-01
-9.435019946126242951e-01 9.957628973436873920e-01
-9.440339736787782821e-01 9.942050524349550500e-01
-9.445563415554578679e-01 9.926431142369577243e-01
-9.450691098945896984e-01 9.910771469794539268e-01
-9.455722903481010855e-01 9.895072148922035016e-01
-9.460658945679183418e-01 9.879333822049659597e-01
-9.465499342059688903e-01 9.863557131475004791e-01
-9.470244209141787106e-01 9.847742719495660157e-01
-9.474893663444756697e-01 9.831891228409220806e-01
-9.479447821487857473e-01 9.816003300513280738e-01
-9.483906799790361442e-01 9.800079578105431732e-01
-9.488270714871539502e-01 9.784120703483268899e-01
-9.492539683250653670e-01 9.768127318944381798e-01
-9.496713821446975956e-01 9.752100066786366650e-01
-9.500793245979775037e-01 9.736039589306816344e-01
-9.504778073368319591e-01 9.719946528803321550e-01
-9.508668420131876076e-01 9.703821527573478489e-01
-9.512464402789714280e-01 9.687665227914878940e-01
-9.516166137861098440e-01 9.671478272125111353e-01
-9.519773741865305006e-01 9.655261302501777498e-01
-9.523287331321599325e-01 9.639014961342468046e-01
-9.526707022749242304e-01 9.622739890944768115e-01
-9.530032932667510392e-01 9.606436733606280587e-01
-9.533265177595671158e-01 9.590106131624592800e-01
-9.536403874052989948e-01 9.573748727297302086e-01
-9.539449138558738772e-01 9.557365162921999113e-01
-9.542401087632180756e-01 9.540956080796273442e-01
-9.545259837792587909e-01 9.524522123217724623e-01
-9.548025505559231130e-01 9.508063932483944436e-01
-9.550698207451372435e-01 9.491582150892520220e-01
-9.553278059988284943e-01 9.475077420741052636e-01
-9.555765179689235111e-01 9.458550384327130134e-01
-9.558159683073492729e-01 9.442001683948348933e-01
-9.560461686660323144e-01 9.425431961902297484e-01
-9.562671306968995033e-01 9.408841860486568676e-01
-9.564788660518780405e-01 9.392232021998763170e-01
-9.566813863828945719e-01 9.375603088736468305e-01
-9.568747033418759651e-01 9.358955702997280302e-01
-9.570588285807488660e-01 9.342290507078787609e-01
-9.572337737514401423e-01 9.325608143278585338e-01
-9.573995505058766620e-01 9.308909253894265268e-01
-9.575561704959856257e-01 9.292194481223426950e-01
-9.577036453736934574e-01 9.275464467563657722e-01
-9.578419867909266916e-01 9.258719855212547145e-01
-9.579712063996130844e-01 9.241961286467696990e-01
-9.580913158516787265e-01 9.225189403626695706e-01
-9.582023267990504856e-01 9.208404848987136182e-01
-9.583042508936557846e-01 9.191608264846613530e-01
-9.583970997874208253e-01 9.174800293502717308e-01
-9.584808851322728085e-01 9.157981577253044847e-01
-9.585556185801382689e-01 9.141152758395184597e-01
-9.586213117829441854e-01 9.124314479226732777e-01
-9.586779763926173148e-01 9.107467382045283388e-01
-9.587256240610848579e-01 9.090612109148428210e-01
-9.587642664402731274e-01 9.073749302833756802e-01
-9.587939151821094352e-01 9.056879605398868716e-01
-9.588145819385203161e-01 9.040003659141352399e-01
-9.588262783614325269e-01 9.023122106358804073e-01
-9.588290161027731573e-01 9.006235589348813297e-01
-9.588228068144689642e-01 8.989344750408972962e-01
-9.588076621484465933e-01 8.972450231836880397e-01
-9.587835937566332456e-01 8.955552675930127382e-01
-9.587506132909552337e-01 8.938652724986303477e-01
-9.587087324033400915e-01 8.921751021303008233e-01
-9.586579627457141317e-01 8.904848207177826769e-01
-9.585983159700042222e-01 8.887944924908358635e-01
-9.585298037281373418e-01 8.871041816792194501e-01
-9.584524376720401362e-01 8.854139525126923926e-01
-9.583662294536398063e-01 8.837238692210147573e-01
-9.582711907248627758e-01 8.820339960339450558e-01
-9.581673331376361347e-01 8.803443971812434654e-01
-9.580546683438866395e-01 8.786551368926683869e-01
-9.579332079955411583e-01 8.769662793979797755e-01
-9.578029637445264477e-01 8.752778889269366980e-01
-9.576639472427693756e-01 8.735900297092982214e-01
-9.575161701421968097e-01 8.719027659748241899e-01
-9.573596440947355068e-01 8.702161619532735592e-01
-9.571943807523125569e-01 8.685302818744056186e-01
-9.570203917668542726e-01 8.668451899679797679e-01
-9.568376887902881878e-01 8.651609504637554071e-01
-9.566462834745406152e-01 8.634776275914919363e-01
-9.564461874715383116e-01 8.617952855809480894e-01
-9.562374124332082559e-01 8.601139886618835995e-01
-9.560199700114779819e-01 8.584338010640579775e-01
-9.557938718582731363e-01 8.567547870172301794e-01
-9.555591296255212530e-01 8.550770107511596052e-01
-9.553157549651490887e-01 8.534005364956054329e-01
-9.550637595290836224e-01 8.517254284803273956e-01
-9.548031549692510556e-01 8.500517509350844492e-01
-9.545339529375787002e-01 8.483795680896356606e-01
-9.542561650859935352e-01 8.467089441737408739e-01
-9.539698030664218731e-01 8.450399434171589341e-01
-9.536748785307915810e-01 8.433726300496499073e-01
-9.533714031310281944e-01 8.417070683009721943e-01
-9.530593885190591363e-01 8.400433224008856392e-01
-9.527388463468113855e-01 8.383814565791491979e-01
-9.524097882662115877e-01 8.367215350655223816e-01
-9.520722259291868328e-01 8.350636220897649231e-01
-9.517261709876633224e-01 8.334077818816354455e-01
-9.513716350935685906e-01 8.317540786708933487e-01
-9.510086298988291720e-01 8.301025766872982548e-01
-9.506371670553720454e-01 8.284533401606093417e-01
-9.502572582151235236e-01 8.268064333205858984e-01
-9.498689150300110295e-01 8.251619203969871030e-01
-9.494721491519613199e-01 8.235198656195723554e-01
-9.490669722329010405e-01 8.218803332181010557e-01
-9.486533959247571701e-01 8.202433874223327148e-01
-9.482314318794562435e-01 8.186090924620259557e-01
-9.478010917489255727e-01 8.169775125669408444e-01
-9.473623871850914702e-01 8.153487119668361149e-01
-9.469153298398813590e-01 8.137227548914715003e-01
-9.464599313652213297e-01 8.120997055706060674e-01
-9.459962034130391384e-01 8.104796282339992164e-01
-9.455241576352606536e-01 8.088625871114099031e-01
-9.450438056838135203e-01 8.072486464325981936e-01
-9.445551592106240513e-01 8.056378704273225999e-01
-9.440582317023689107e-01 8.040303193387613456e-01
-9.435530509632269469e-01 8.024260223007280146e-01
-9.430396515234306110e-01 8.008249938325305850e-01
-9.425180679521495408e-01 7.992272483688712681e-01
-9.419883348185545957e-01 7.976328003444523862e-01
-9.414504866918151915e-01 7.960416641939754845e-01
-9.409045581411018544e-01 7.944538543521429963e-01
-9.403505837355855546e-01 7.928693852536574660e-01
-9.397885980444354859e-01 7.912882713332201057e-01
-9.392186356368223965e-01 7.897105270255339038e-01
-9.386407310819164795e-01 7.881361667653001835e-01
-9.380549189488877060e-01 7.865652049872214890e-01
-9.374612338069067130e-01 7.849976561260000318e-01
-9.368597102251434716e-01 7.834335346163374680e-01
-9.362503827727682859e-01 7.818728548929360089e-01
-9.356332860189511269e-01 7.803156313904979768e-01
-9.350084545328626318e-01 7.787618785437254720e-01
-9.343759228836731046e-01 7.772116107873204838e-01
-9.337357256405519612e-01 7.756648425559851123e-01
-9.330878973726702830e-01 7.741215882844213469e-01
-9.324324726491981519e-01 7.725818624073315100e-01
-9.317694860393055389e-01 7.710456793594174796e-01
-9.310989721121625262e-01 7.695130535753814671e-01
-9.304209654369398619e-01 7.679839994899256839e-01
-9.297355005828075170e-01 7.664585315377520081e-01
-9.290426121189354625e-01 7.649366641535627620e-01
-9.283423346144945576e-01 7.634184117720598239e-01
-9.276347026386546624e-01 7.619037888279456272e-01
-9.269197507605855257e-01 7.603928097559217170e-01
-9.261975135494583400e-01 7.588854889906908596e-01
-9.254680255744422990e-01 7.573818409669543783e-01
-9.247313214047088170e-01 7.558818801194153725e-01
-9.239874356094269769e-01 7.543856208827748322e-01
-9.232364027577678600e-01 7.528930776917357459e-01
-9.224782574189011042e-01 7.514042649809996588e-01
-9.217130341619973466e-01 7.499191971852692262e-01
-9.209407675562264473e-01 7.484378887392459934e-01
-9.201614921707588213e-01 7.469603540776321715e-01
-9.193752425747648838e-01 7.454866076351300830e-01
-9.185820533374147168e-01 7.440166638464416060e-01
-9.177819590278785133e-01 7.425505371462691739e-01
-9.169749942153265776e-01 7.410882419693146650e-01
-9.161611934689291026e-01 7.396297927502799574e-01
-9.153405913578561703e-01 7.381752039238673735e-01
-9.145132224512780850e-01 7.367244899247791246e-01
-9.136791213183651506e-01 7.352776651877170888e-01
-9.128383225282876712e-01 7.338347441473834776e-01
-9.119908606502155068e-01 7.323957412384803911e-01
-9.111367702533194057e-01 7.309606708957097077e-01
-9.102760859067692278e-01 7.295295475537739716e-01
-9.094088421797351662e-01 7.281023856473749500e-01
-9.085350736413877470e-01 7.266791996112149654e-01
-9.076548148608971633e-01 7.252600038799958959e-01
-9.067681004074334972e-01 7.238448128884199528e-01
-9.058749648501668306e-01 7.224336410711891254e-01
-9.049754427582678007e-01 7.210265028630058470e-01
-9.040695687009064896e-01 7.196234126985717738e-01
-9.031573772472526462e-01 7.182243850125892282e-01
-9.022389029664771298e-01 7.168294342397601993e-01
-9.013141804277500224e-01 7.154385748147870094e-01
-9.003832442002411840e-01 7.140518211723715369e-01
-8.994461288531214738e-01 7.126691877472162151e-01
-8.985028689555606407e-01 7.112906889740225891e-01
-8.975534990767288779e-01 7.099163392874932033e-01
-8.965980537857967114e-01 7.085461531223300469e-01
-8.956365676519344454e-01 7.071801449132352202e-01
-8.946690752443116068e-01 7.058183290949104904e-01
-8.936956111320993879e-01 7.044607201020587350e-01
-8.927162098844674265e-01 7.031073323693812771e-01
-8.917309060705859158e-01 7.017581803315806610e-01
-8.907397342596254930e-01 7.004132784233586539e-01
-8.897427290207560180e-01 6.990726410794176893e-01
-8.887399249231475729e-01 6.977362827344594232e-01
-8.877313565359712388e-01 6.964042178231868441e-01
-8.867170584283962098e-01 6.950764607803009421e-01
-8.856970651695932339e-01 6.937530260405045945e-01
-8.846714113287326153e-01 6.924339280384996798e-01
-8.836401314749843250e-01 6.911191812089880759e-01
-8.826032601775187780e-01 6.898087999866721054e-01
-8.815608320055059455e-01 6.885027988062538684e-01
-8.805128815281165755e-01 6.872011921024354653e-01
-8.794594433145204171e-01 6.859039943099191072e-01
-8.784005519338876633e-01 6.846112198634064505e-01
-8.773362419553890623e-01 6.833228831976001505e-01
-8.762665479481943631e-01 6.820389987472019744e-01
-8.751915044814740918e-01 6.807595809469141335e-01
-8.741111461243979974e-01 6.794846442314385060e-01
-8.730255074461366060e-01 6.782142030354773032e-01
-8.719346230158604438e-01 6.769482717937330696e-01
-8.708385274027392597e-01 6.756868649409072392e-01
-8.697372551759435799e-01 6.744299969117022453e-01
-8.686308409046435974e-01 6.731776821408201883e-01
-8.675193191580095053e-01 6.719299350629630574e-01
-8.664027245052113857e-01 6.706867701128329529e-01
-8.652810915154197646e-01 6.694482017251323080e-01
-8.641544547578047242e-01 6.682142443345627791e-01
-8.630228488015361243e-01 6.669849123758265774e-01
-8.618863082157851574e-01 6.657602202836261363e-01
-8.607448675697210172e-01 6.645401824926630008e-01
-8.595985614325143409e-01 6.633248134376396044e-01
-8.584474243733354326e-01 6.621141275532581583e-01
-8.572914909613545964e-01 6.609081392742204297e-01
-8.561307957657419143e-01 6.597068630352288521e-01
-8.549653733556673574e-01 6.585103132709850815e-01
-8.537952583003017848e-01 6.573185044161918844e-01
-8.526204851688146125e-01 6.561314509055506949e-01
-8.514410885303769216e-01 6.549491671737639464e-01
-8.502571029541584613e-01 6.537716676555337392e-01
-8.490685630093294245e-01 6.525989667855620624e-01
-8.478755032650602264e-01 6.514310789985511274e-01
-8.466779582905209489e-01 6.502680187292029235e-01
-8.454759626548820073e-01 6.491098004122196619e-01
-8.442695509273133725e-01 6.479564384823033318e-01
-8.430587576769855707e-01 6.468079473741561447e-01
-8.418436174730686838e-01 6.456643415224799787e-01
-8.406241648847325720e-01 6.445256353619771561e-01
-8.394004344811482055e-01 6.433918433273497772e-01
-8.381724608314855551e-01 6.422629798533000534e-01
-8.369402784334044609e-01 6.411390592568461111e-01
-8.357039178088410125e-01 6.400200893121951173e-01
-8.344634034919073962e-01 6.389060679394472642e-01
-8.332187595215073683e-01 6.377969922437441985e-01
-8.319700099365451296e-01 6.366928593302275674e-01
-8.307171787759248804e-01 6.355936663040389067e-01
-8.294602900785501554e-01 6.344994102703197525e-01
-8.281993678833254879e-01 6.334100883342116406e-01
-8.269344362291548567e-01 6.323256976008563290e-01
-8.256655191549422401e-01 6.312462351753951317e-01
-8.243926406995917278e-01 6.301716981629701397e-01
-8.231158249020069650e-01 6.291020836687220008e-01
-8.218350958010925966e-01 6.280373887977931391e-01
-8.205504774357526010e-01 6.269776106553247574e-01
-8.192619938448906236e-01 6.259227463464587249e-01
-8.179696690674111981e-01 6.248727929763360223e-01
-8.166735271422174147e-01 6.238277476500984076e-01
-8.153735921082148064e-01 6.227876074728880829e-01
-8.140698880043064634e-01 6.217523695498459180e-01
-8.127624388693964752e-01 6.207220309861140040e-01
-8.114512687423891535e-01 6.196965888868334327e-01
-8.101364016621884767e-01 6.186760403571459621e-01
-8.088178616676982013e-01 6.176603825021932392e-01
-8.074956727978227500e-01 6.166496124271168000e-01
-8.061698590914659901e-01 6.156437272370581804e-01
-8.048404445875322333e-01 6.146427240371589162e-01
-8.035074533249249029e-01 6.136465999325606546e-01
-8.021709093425487547e-01 6.126553520284050425e-01
-8.008308366793075450e-01 6.116689774298335047e-01
-7.994872593741052524e-01 6.106874732419876883e-01
-7.981402014658458555e-01 6.097108365700090182e-01
-7.967896869934337767e-01 6.087390645190393634e-01
-7.954357399957727726e-01 6.077721541942200378e-01
-7.940783845117669326e-01 6.068101027006927994e-01
-7.927176445803202354e-01 6.058529071435989621e-01
-7.913535442403367703e-01 6.049005646280803949e-01
-7.899861075307208491e-01 6.039530722592785228e-01
-7.886153584903758951e-01 6.030104271423348816e-01
-7.872413211582066639e-01 6.020726263823911184e-01
-7.858640195731169120e-01 6.011396670845888801e-01
-7.844834777740103959e-01 6.002115463540693696e-01
-7.830997197997917603e-01 5.992882612959746780e-01
-7.817127696893646505e-01 5.983698090154462301e-01
-7.803226514816332671e-01 5.974561866176254510e-01
-7.789293892155013666e-01 5.965473912076536545e-01
-7.775330069298733715e-01 5.956434198906728206e-01
-7.761335286636532604e-01 5.947442697718245963e-01
-7.747309784557450119e-01 5.938499379562505176e-01
-7.733253803450526043e-01 5.929604215490917873e-01
-7.719167583704799052e-01 5.920757176554900525e-01
-7.705051365709316702e-01 5.911958233805874041e-01
-7.690905389853112117e-01 5.903207358295248230e-01
-7.676729896525229524e-01 5.894504521074442893e-01
-7.662525126114706486e-01 5.885849693194868948e-01
-7.648291319010587230e-01 5.877242845707947305e-01
-7.634028715601909321e-01 5.868683949665091104e-01
-7.619737556277716983e-01 5.860172976117717925e-01
-7.605418081427046673e-01 5.851709896117242016e-01
-7.591070531438938174e-01 5.843294680715076517e-01
-7.576695146702435713e-01 5.834927300962641228e-01
-7.562292167606579074e-01 5.826607727911351509e-01
-7.547861834540406933e-01 5.818335932612620498e-01
-7.533404387892961296e-01 5.810111886117869107e-01
-7.518920068053280836e-01 5.801935559478504922e-01
-7.504409115410407560e-01 5.793806923745949966e-01
-7.489871770353381253e-01 5.785725949971617377e-01
-7.475308273271243920e-01 5.777692609206924734e-01
-7.460718864553035345e-01 5.769706872503285178e-01
-7.446103784587793095e-01 5.761768710912117397e-01
-7.431463273764562505e-01 5.753878095484835642e-01
-7.416797572472380029e-01 5.746034997272855271e-01
-7.402106921100289894e-01 5.738239387327591645e-01
-7.387391560037328553e-01 5.730491236700463453e-01
-7.372651729672539123e-01 5.722790516442883835e-01
-7.357887670394960278e-01 5.715137197606267039e-01
-7.343099622593634024e-01 5.707531251242030645e-01
-7.328287826657602366e-01 5.699972648401593345e-01
-7.313452522975903980e-01 5.692461360136366055e-01
-7.298593951937575319e-01 5.684997357497765247e-01
-7.283712353931663941e-01 5.677580611537209609e-01
-7.268807969347206299e-01 5.670211093306111172e-01
-7.253881038573244400e-01 5.662888773855888624e-01
-7.238931801998818027e-01 5.655613624237956216e-01
-7.223960500012968078e-01 5.648385615503730417e-01
-7.208967373004733226e-01 5.641204718704625476e-01
-7.193952661363154366e-01 5.634070904892058973e-01
-7.178916605477276836e-01 5.626984145117448488e-01
-7.163859445736134868e-01 5.619944410432203830e-01
-7.148781422528772689e-01 5.612951671887744798e-01
-7.133682776244227863e-01 5.606005900535485642e-01
-7.118563747271547948e-01 5.599107067426846163e-01
-7.103424575999760515e-01 5.592255143613235058e-01
-7.088265502817916452e-01 5.585450100146073238e-01
-7.073086768115056655e-01 5.578691908076774952e-01
-7.057888612280213136e-01 5.571980538456754450e-01
-7.042671275702435674e-01 5.565315962337430422e-01
-7.027434998770756280e-01 5.558698150770216007e-01
-7.012180021874223623e-01 5.552127074806528784e-01
-6.996906585401873047e-01 5.545602705497784113e-01
-6.981614929742746556e-01 5.539125013895396243e-01
-6.966305295285883936e-01 5.532693971050782755e-01
-6.950977922420326083e-01 5.526309548015356787e-01
-6.935633051535113891e-01 5.519971715840538140e-01
-6.920270923019289366e-01 5.513680445577739953e-01
-6.904891777261888963e-01 5.507435708278377584e-01
-6.889495854651955797e-01 5.501237474993867504e-01
-6.874083395578529654e-01 5.495085716775625073e-01
-6.858654640430651428e-01 5.488980404675065650e-01
-6.843209829597362015e-01 5.482921509743607924e-01
-6.827749203467702310e-01 5.476909003032663925e-01
-6.812273002430708768e-01 5.470942855593650123e-01
-6.796781466875427835e-01 5.465023038477984096e-01
-6.781274837190895965e-01 5.459149522737078986e-01
-6.765753353766155165e-01 5.453322279422352370e-01
-6.750217256990245218e-01 5.447541279585220719e-01
-6.734666787252205911e-01 5.441806494277097173e-01
-6.719102184941080358e-01 5.436117894549399310e-01
-6.703523690445907235e-01 5.430475451453542490e-01
-6.687931544155727437e-01 5.424879136040942074e-01
-6.672325968063204105e-01 5.419328888748653483e-01
-6.656707092125613290e-01 5.413824496852893686e-01
-6.641075017577763306e-01 5.408365699831337858e-01
-6.625429845644930094e-01 5.402952237145800529e-01
-6.609771677552395142e-01 5.397583848258102890e-01
-6.594100614525439941e-01 5.392260272630063911e-01
-6.578416757789341540e-01 5.386981249723499232e-01
-6.562720208569379210e-01 5.381746519000227824e-01
-6.547011068090833330e-01 5.376555819922070878e-01
-6.531289437578982060e-01 5.371408891950840703e-01
-6.515555418259105780e-01 5.366305474548360710e-01
-6.499809111356482649e-01 5.361245307176444319e-01
-6.484050618096391938e-01 5.356228129296913831e-01
-6.468280039704112916e-01 5.351253680371584887e-01
-6.452497477404928183e-01 5.346321699862278676e-01
-6.436703032424111459e-01 5.341431927230807508e-01
-6.420896805986945344e-01 5.336584101938995905e-01
-6.405078899318711327e-01 5.331777963448657287e-01
-6.389249413644680908e-01 5.327013251221611734e-01
-6.373408450190141128e-01 5.322289704719679326e-01
-6.357556110180370146e-01 5.317607063404674594e-01
-6.341692494840645011e-01 5.312965066738418729e-01
-6.325817705396244994e-01 5.308363454182728480e-01
-6.309931843072452695e-01 5.303801965199422819e-01
-6.294035009094540722e-01 5.299280339250316274e-01
-6.278127304687793897e-01 5.294798315797231147e-01
-6.262208831077491489e-01 5.290355634301984189e-01
-6.246279689488909437e-01 5.285952034226393259e-01
-6.230339981147332562e-01 5.281587255032278438e-01
-6.214389807278034583e-01 5.277261036181455367e-01
-6.198429269106299211e-01 5.272973117135741905e-01
-6.182458467857401274e-01 5.268723237356959244e-01
-6.166477504756621153e-01 5.264511136306921912e-01
-6.150486481029243668e-01 5.260336553447451102e-01
-6.134485497900540318e-01 5.256199228240363563e-01
-6.118474656595794814e-01 5.252098900147477156e-01
-6.102454058340285314e-01 5.248035308630610851e-01
-6.086423804359292200e-01 5.244008193151582509e-01
-6.070383995878092520e-01 5.240017293172209989e-01
-6.054334734121968875e-01 5.236062348154311152e-01
-6.038276120316197204e-01 5.232143097559704970e-01
-6.022208255686057887e-01 5.228259280850209301e-01
-6.006131241456831305e-01 5.224410637487642006e-01
-5.990045178853796726e-01 5.220596906933820947e-01
-5.973950169102230090e-01 5.216817828650563982e-01
-5.957846313427417329e-01 5.213073142099691193e-01
-5.941733713054631050e-01 5.209362586743019330e-01
-5.925612469209154964e-01 5.205685902042366253e-01
-5.909482683116266122e-01 5.202042827459552043e-01
-5.893344456001243792e-01 5.198433102456391230e-01
-5.877197889089367244e-01 5.194856466494705005e-01
-5.861043083605919080e-01 5.191312659036311228e-01
-5.844880140776173016e-01 5.187801419543025538e-01
-5.828709161825413876e-01 5.184322487476670238e-01
-5.812530247978916487e-01 5.180875602299059857e-01
-5.796343500461962339e-01 5.177460503472014475e-01
-5.780149020499831813e-01 5.174076930457350842e-01
-5.763946909317801959e-01 5.170724622716889041e-01
-5.747737268141152045e-01 5.167403319712445819e-01
-5.731520198195163562e-01 5.164112760905837929e-01
-5.715295800705114670e-01 5.160852685758887670e-01
-5.699064176896284639e-01 5.157622833733409573e-01
-5.682825427993951628e-01 5.154422944291220388e-01
-5.666579655223398237e-01 5.151252756894144635e-01
-5.650326959809898186e-01 5.148112011003994626e-01
-5.634067442978735185e-01 5.145000446082589329e-01
-5.617801205955189614e-01 5.141917801591751047e-01
-5.601528349964537412e-01 5.138863816993292088e-01
-5.585248976232058959e-01 5.135838231749035865e-01
-5.568963185983034636e-01 5.132840785320796906e-01
-5.552671080442741491e-01 5.129871217170393072e-01
-5.536372760836459905e-01 5.126929266759645554e-01
-5.520068328389472478e-01 5.124014673550371102e-01
-5.503757884327052929e-01 5.121127177004386466e-01
-5.487441529874483859e-01 5.118266516583511727e-01
-5.471119366257043426e-01 5.115432431749563635e-01
-5.454791494700010901e-01 5.112624661964360051e-01
-5.438458016428665553e-01 5.109842946689721055e-01
-5.422119032668289984e-01 5.107087025387464507e-01
-5.405774644644157911e-01 5.104356637519407158e-01
-5.389424953581551936e-01 5.101651522547366868e-01
-5.373070060705751327e-01 5.098971419933163718e-01
-5.356710067242035356e-01 5.096316069138615568e-01
-5.340345074415681070e-01 5.093685209625536947e-01
-5.323975183451972182e-01 5.091078580855752378e-01
-5.307600495576183519e-01 5.088495922291074169e-01
-5.291221112013597683e-01 5.085936973393323512e-01
-5.274837133989491722e-01 5.083401473624318267e-01
-5.258448662729146017e-01 5.080889162445875185e-01
-5.242055799457838727e-01 5.078399779319815455e-01
-5.225658645400848012e-01 5.075933063707952497e-01
-5.209257301783459804e-01 5.073488755072107503e-01
-5.192851869830945599e-01 5.071066592874098333e-01
-5.176442450768591330e-01 5.068666316575746178e-01
-5.160029145821668495e-01 5.066287665638861126e-01
-5.143612056215464134e-01 5.063930379525268810e-01
-5.127191283175250858e-01 5.061594197696783759e-01
-5.110766927926314596e-01 5.059278859615226054e-01
-5.094339091693929067e-01 5.056984104742412445e-01
-5.077907875703379093e-01 5.054709672540161902e-01
-5.061473381179936171e-01 5.052455302470291176e-01
-5.045035709348888453e-01 5.050220733994621458e-01
-5.028594961435507438e-01 5.048005706574966167e-01
-5.012151238665079056e-01 5.045809959673147604e-01
-4.995704642262877027e-01 5.043633232750981410e-01
-4.979255273454185060e-01 5.041475265270287665e-01
-4.962803233464280206e-01 5.039335796692884228e-01
-4.946348623518442289e-01 5.037214566480587852e-01
-4.929891544841948359e-01 5.035111314095217505e-01
-4.913432098660082681e-01 5.033025778998591049e-01
-4.896970386198118419e-01 5.030957700652527453e-01
-4.880506508681341504e-01 5.028906818518843469e-01
-4.864040567335023990e-01 5.026872872059358066e-01
-4.847572663384453473e-01 5.024855600735890215e-01
-4.831102898054902006e-01 5.022854744010256667e-01
-4.814631372571654411e-01 5.020870041344276391e-01
-4.798158188159983850e-01 5.018901232199767248e-01
-4.781683446045175701e-01 5.016948056038547099e-01
-4.765207247433607129e-01 5.015010252363718557e-01
-4.748729678829004541e-01 5.013087592797038639e-01
-4.732250785731536014e-01 5.011179938534474632e-01
-4.715770606549332111e-01 5.009287166264904112e-01
-4.699289179690518958e-01 5.007409152677204656e-01
-4.682806543563224899e-01 5.005545774460252728e-01
-4.666322736575577168e-01 5.003696908302921464e-01
-4.649837797135701334e-01 5.001862430894091771e-01
-4.633351763651728517e-01 5.000042218922639004e-01
-4.616864674531780954e-01 4.998236149077440182e-01
-4.600376568183992543e-01 4.996444098047373439e-01
-4.583887483016483300e-01 4.994665942521313018e-01
-4.567397457437386010e-01 4.992901559188136495e-01
-4.550906529854823468e-01 4.991150824736721447e-01
-4.534414738676929568e-01 4.989413615855944895e-01
-4.517922122311823219e-01 4.987689809234682192e-01
-4.501428719167641090e-01 4.985979281561811471e-01
-4.484934567652500426e-01 4.984281909526209753e-01
-4.468439706174536785e-01 4.982597569816751282e-01
-4.451944173141873518e-01 4.980926139122316409e-01
-4.435448006962640632e-01 4.979267494131779936e-01
-4.418951246044962033e-01 4.977621511534018883e-01
-4.402453928796967175e-01 4.975988068017909161e-01
-4.385956093626782182e-01 4.974367040272329454e-01
-4.369457778942537063e-01 4.972758304986157896e-01
-4.352959023152355722e-01 4.971161738848265954e-01
-4.336459864664368724e-01 4.969577218547534536e-01
-4.319960341886699418e-01 4.968004620772840108e-01
-4.303460493227480588e-01 4.966443822213058579e-01
-4.286960357094832808e-01 4.964894699557066970e-01
-4.270459971896891083e-01 4.963357129493742304e-01
-4.253959376041774876e-01 4.961830988711961599e-01
-4.237458607937619193e-01 4.960316153900600766e-01
-4.220957705992544051e-01 4.958812501748536827e-01
-4.204456708614683347e-01 4.957319908944647913e-01
-4.187955654212158763e-01 4.955838252177808823e-01
-4.171454581193103084e-01 4.954367408136898798e-01
-4.154953527965637439e-01 4.952907253510792085e-01
-4.138452532937895723e-01 4.951457664988365703e-01
-4.121951634517999619e-01 4.950018519258499450e-01
-4.105450871114081357e-01 4.948589693010066459e-01
-4.088950281134263731e-01 4.947171062931946528e-01
-4.072449902986678416e-01 4.945762505713013901e-01
-4.055949775079448760e-01 4.944363898042147820e-01
-4.039449935820704773e-01 4.942975116608221975e-01
-4.022950423618571469e-01 4.941596038100117272e-01
-4.006451276881179968e-01 4.940226539206706846e-01
-3.989952534016653063e-01 4.938866496616868829e-01
-3.973454233433122984e-01 4.937515787019481350e-01
-3.956956413538710304e-01 4.936174287103417546e-01
-3.940459112741551695e-01 4.934841873557558323e-01
-3.923962369449764953e-01 4.933518423070779035e-01
-3.907466222071484530e-01 4.932203812331956705e-01
-3.890970709014832107e-01 4.930897918029966132e-01
-3.874475868687941027e-01 4.929600616853686557e-01
-3.857981739498932972e-01 4.928311785491993890e-01
-3.841488359855940171e-01 4.927031300633764599e-01
-3.824995768167085419e-01 4.925759038967876813e-01
-3.808504002840499281e-01 4.924494877183204777e-01
-3.792013102284307324e-01 4.923238691968629954e-01
-3.775523104906639560e-01 4.921990360013023813e-01
-3.759034049115617671e-01 4.920749758005265040e-01
-3.742545973319377217e-01 4.919516762634231211e-01
-3.726058915926037662e-01 4.918291250588799901e-01
-3.709572915343731236e-01 4.917073098557845356e-01
-3.693088009980582398e-01 4.915862183230246818e-01
-3.676604238244721712e-01 4.914658381294879641e-01
-3.660121638544273082e-01 4.913461569440621957e-01
-3.643640249287364297e-01 4.912271624356348565e-01
-3.627160108882127032e-01 4.911088422730938707e-01
-3.610681255736682416e-01 4.909911841253266629e-01
-3.594203728259162678e-01 4.908741756612210461e-01
-3.577727564857691722e-01 4.907578045496646668e-01
-3.561252803940401224e-01 4.906420584595453382e-01
-3.544779483915411200e-01 4.905269250597505404e-01
-3.528307643190858323e-01 4.904123920191681418e-01
-3.511837320174860944e-01 4.902984470066856781e-01
-3.495368553275554624e-01 4.901850776911909624e-01
-3.478901380901057716e-01 4.900722717415714191e-01
-3.462435841459508001e-01 4.899600168267150835e-01
-3.445971973359022167e-01 4.898483006155092134e-01
-3.429509815007736884e-01 4.897371107768420107e-01
-3.413049404813772170e-01 4.896264349796008442e-01
-3.396590781185261365e-01 4.895162608926733050e-01
-3.380133982530325043e-01 4.894065761849471508e-01
-3.363679047257098209e-01 4.892973685253101945e-01
-3.347226013773701436e-01 4.891886255826500274e-01
-3.330774920488268620e-01 4.890803350258544624e-01
-3.314325805808920333e-01 4.889724845238108686e-01
-3.297878708143789361e-01 4.888650617454071146e-01
-3.281433665900998498e-01 4.887580543595310134e-01
-3.264990717488680527e-01 4.886514500350700452e-01
-3.248549901314956023e-01 4.885452364409118564e-01
-3.232111255787957771e-01 4.884394012459442602e-01
-3.215674819315810229e-01 4.883339321190550142e-01
-3.199240630306643962e-01 4.882288167291316539e-01
-3.182808727168581764e-01 4.881240427450618258e-01
-3.166379148309755309e-01 4.880195978357332320e-01
-3.149951932138287392e-01 4.879154696700337968e-01
-3.133527117062310796e-01 4.878116459168507779e-01
-3.117104741489946651e-01 4.877081142450721551e-01
-3.100684843829329407e-01 4.876048623235855750e-01
-3.084267462488579636e-01 4.875018778212786286e-01
-3.067852635875830125e-01 4.873991484070391289e-01
-3.051440402399203666e-01 4.872966617497545561e-01
-3.035030800466831935e-01 4.871944055183127786e-01
-3.018623868486836614e-01 4.870923673816013877e-01
-3.002219644867351600e-01 4.869905350085080298e-01
-2.985818168016498575e-01 4.868888960679205180e-01
-2.969419476342410324e-01 4.867874382287263879e-01
-2.953023608253208532e-01 4.866861491598133971e-01
-2.936630602157025982e-01 4.865850165300693586e-01
-2.920240496461984359e-01 4.864840280083816415e-01
-2.903853329576217002e-01 4.863831712636381699e-01
-2.887469139907844484e-01 4.862824339647264793e-01
-2.871087965865001257e-01 4.861818037805343828e-01
-2.854709845855807338e-01 4.860812683799493605e-01
-2.838334818288398287e-01 4.859808154318593920e-01
-2.821962921570893568e-01 4.858804326051517908e-01
-2.805594194043863898e-01 4.857801075685004855e-01
-2.789228634556619735e-01 4.856798278653359224e-01
-2.772866136114492397e-01 4.855795807034158362e-01
-2.756506574176003643e-01 4.854793532348499197e-01
-2.740149824199681894e-01 4.853791326117476990e-01
-2.723795761644049462e-01 4.852789059862191445e-01
-2.707444261967635324e-01 4.851786605103734495e-01
-2.691095200628960682e-01 4.850783833363208064e-01
-2.674748453086556177e-01 4.849780616161704638e-01
-2.658403894798941347e-01 4.848776825020321701e-01
-2.642061401224647943e-01 4.847772331460158401e-01
-2.625720847822193282e-01 4.846767007002306671e-01
-2.609382110050108561e-01 4.845760723167868433e-01
-2.593045063366919978e-01 4.844753351477935621e-01
-2.576709583231148182e-01 4.843744763453607383e-01
-2.560375545101324368e-01 4.842734830615980091e-01
-2.544042824435966965e-01 4.841723424486149008e-01
-2.527711296693608833e-01 4.840710416585212728e-01
-2.511380837332768401e-01 4.839695678434267068e-01
-2.495051321811977141e-01 4.838679081554408956e-01
-2.478722625589754036e-01 4.837660497466732545e-01
-2.462394624124631115e-01 4.836639797692337539e-01
-2.446067192875127916e-01 4.835616853752319755e-01
-2.429740207299775079e-01 4.834591537167774455e-01
-2.413413542857092975e-01 4.833563719459800789e-01
-2.397087075005611134e-01 4.832533272149491799e-01
-2.380760679203851315e-01 4.831500066757947742e-01
-2.364434230910343326e-01 4.830463974806263328e-01
-2.348107605583606428e-01 4.829424867815533262e-01
-2.331780678682172647e-01 4.828382617306858360e-01
-2.315453325664561524e-01 4.827337094801332773e-01
-2.299125421989303419e-01 4.826288171820051764e-01
-2.282796843114919816e-01 4.825235719884116703e-01
-2.266467464499938855e-01 4.824179610514617300e-01
-2.250137161602882852e-01 4.823119715232657700e-01
-2.233805809882281612e-01 4.822055905559328726e-01
-2.217473284796655231e-01 4.820988053015729524e-01
-2.201139461804534903e-01 4.819916029122956469e-01
-2.184804216364439333e-01 4.818839705402104823e-01
-2.168467423934900828e-01 4.817758953374273179e-01
-2.152128959974437816e-01 4.816673644560556244e-01
-2.135788699941582880e-01 4.815583650482052613e-01
-2.119446519294854447e-01 4.814488842659856993e-01
-2.103102293492783992e-01 4.813389092615067977e-01
-2.086755897993891329e-01 4.812284271868780827e-01
-2.070407208256707376e-01 4.811174251942091362e-01
-2.054056099739752228e-01 4.810058904356097620e-01
-2.037702447901555414e-01 4.808938100631895418e-01
-2.021346128200638970e-01 4.807811712290582795e-01
-2.004987016095532149e-01 4.806679610853253903e-01
-1.988624987044755599e-01 4.805541667841008446e-01
-1.972259916506839961e-01 4.804397754774940021e-01
-1.955891679940304773e-01 4.803247743176146112e-01
-1.939520152803681230e-01 4.802091504565724200e-01
-1.923145210555489149e-01 4.800928910464771215e-01
-1.906766728654260001e-01 4.799759832394382419e-01
-1.890384582558512772e-01 4.798584141875654185e-01
-1.873998647726778100e-01 4.797401710429683441e-01
-1.857608799617576356e-01 4.796212409577568780e-01
-1.841214913689439847e-01 4.795016110840404355e-01
-1.824816865400885890e-01 4.793812685739287649e-01
-1.808414530210446791e-01 4.792602005795316145e-01
-1.792007783576642088e-01 4.791383942529584550e-01
-1.775596500958003254e-01 4.790158367463190903e-01
-1.759180557813048440e-01 4.788925152117230466e-01
-1.742759829600310784e-01 4.787684168012801278e-01
-1.726334191778308436e-01 4.786435286671000267e-01
-1.709903519805572869e-01 4.785178379612921029e-01
-1.693467689140624455e-01 4.783913318359663824e-01
-1.677026575241993556e-01 4.782639974432323360e-01
-1.660580053568200265e-01 4.781358219351997119e-01
-1.644127999577774113e-01 4.780067924639780363e-01
-1.627670288729237413e-01 4.778768961816772243e-01
-1.611206796481119141e-01 4.777461202404065799e-01
-1.594737398291940500e-01 4.776144517922760180e-01
-1.578261969620230742e-01 4.774818779893950649e-01
-1.561780385924511350e-01 4.773483859838735244e-01
-1.545292522663309076e-01 4.772139629278209227e-01
-1.528798255295153452e-01 4.770785959733470638e-01
-1.512297459278562906e-01 4.769422722725614738e-01
-1.495790010072069465e-01 4.768049789775736791e-01
-1.479275783134192668e-01 4.766667032404939275e-01
-1.462754653923463155e-01 4.765274322134311902e-01
-1.446226497898401020e-01 4.763871530484953820e-01
-1.429691190517536625e-01 4.762458528977962513e-01
-1.413148607239390064e-01 4.761035189134433798e-01
-1.396598623522493088e-01 4.759601382475464049e-01
-1.380041114825364401e-01 4.758156980522150192e-01
-1.363475956606535477e-01 4.756701854795590267e-01
-1.346903024324526132e-01 4.755235876816878982e-01
-1.330322193437866729e-01 4.753758918107112152e-01
-1.313733339405078193e-01 4.752270850187388929e-01
-1.297136337684690055e-01 4.750771544578803462e-01
-1.280531063735223518e-01 4.749260872802454347e-01
-1.263917393015208390e-01 4.747738706379437956e-01
-1.247295200983165181e-01 4.746204916830849552e-01
-1.230664363097624808e-01 4.744659375677787172e-01
-1.214024754817106672e-01 4.743101954441345525e-01
-1.197376251600141689e-01 4.741532524642623203e-01
-1.180718728905250231e-01 4.739950957802714915e-01
-1.164052062190962522e-01 4.738357125442720363e-01
-1.147376126915798933e-01 4.736750899083733701e-01
-1.130690798538290520e-01 4.735132150246851857e-01
-1.113995952516956406e-01 4.733500750453170092e-01
-1.097291464310328063e-01 4.731856571223788110e-01
-1.080577209376924891e-01 4.730199484079799510e-01
-1.063853063175278363e-01 4.728529360542305104e-01
-1.047118901163907739e-01 4.726846072132396270e-01
-1.030374598801344493e-01 4.725149490371173266e-01
-1.013620031546107469e-01 4.723439486779728580e-01
-9.968550748567292508e-02 4.721715932879165245e-01
-9.800796041917279877e-02 4.719978700190574639e-01
-9.632934950096355697e-02 4.718227660235055354e-01
-9.464966227689712575e-02 4.716462684533703209e-01
-9.296888629282665240e-02 4.714683644607615687e-01
-9.128700909460409074e-02 4.712890411977889160e-01
-8.960401822808256034e-02 4.711082858165619447e-01
-8.791990123911397337e-02 4.709260854691903475e-01
-8.623464567355146326e-02 4.707424273077838728e-01
-8.454823912009511166e-02 4.705572984525226987e-01
-8.286068990616228536e-02 4.703706705695925860e-01
-8.117206036689045279e-02 4.701824750799190600e-01
-7.948242151736198413e-02 4.699926369363410794e-01
-7.779184437265813934e-02 4.698010810916979363e-01
-7.610039994786130246e-02 4.696077324988287560e-01
-7.440815925805274733e-02 4.694125161105728306e-01
-7.271519331831481636e-02 4.692153568797692853e-01
-7.102157314372882502e-02 4.690161797592574122e-01
-6.932736974937712959e-02 4.688149097018762812e-01
-6.763265415034097616e-02 4.686114716604649066e-01
-6.593749736170276265e-02 4.684057905878627470e-01
-6.424197039854374902e-02 4.681977914369090388e-01
-6.254614427594631931e-02 4.679873991604426853e-01
-6.085009000899173348e-02 4.677745387113032560e-01
-5.915387861276236170e-02 4.675591350423294323e-01
-5.745758110233949167e-02 4.673411131063608392e-01
-5.576126849280548664e-02 4.671203978562364911e-01
-5.406501179924156492e-02 4.668969142447954024e-01
-5.236888203673019382e-02 4.666705872248770315e-01
-5.067295022035256391e-02 4.664413417493206149e-01
-4.897728736519111475e-02 4.662091027709650559e-01
-4.728196448632703691e-02 4.659737952426496466e-01
-4.558705259884249239e-02 4.657353441172136232e-01
-4.389262271781957381e-02 4.654936743474962779e-01
-4.219874585833949254e-02 4.652487108863363474e-01
-4.050549303548470204e-02 4.650003786865736233e-01
-3.881293526433642060e-02 4.647486027010469534e-01
-3.712114355997703230e-02 4.644933078825955186e-01
-3.543018893748779707e-02 4.642344191840585554e-01
-3.374014241195111286e-02 4.639718615582754113e-01
-3.205107499844820490e-02 4.637055599580848786e-01
-3.036305771206151624e-02 4.634354393363265268e-01
-2.867616156787224091e-02 4.631614246458393702e-01
-2.699045758096282194e-02 4.628834408394625899e-01
-2.530601676641444989e-02 4.626014128700353667e-01
-2.362291013930959208e-02 4.623152656903971036e-01
-2.194120871472942172e-02 4.620249242533867040e-01
-2.026098350775640267e-02 4.617303135118435153e-01
-1.858230553347171160e-02 4.614313584186064965e-01
-1.690524580695780543e-02 4.611279839265151059e-01
-1.522987534329587646e-02 4.608201149884083581e-01
-1.355626515756839026e-02 4.605076765571256003e-01
-1.188448626485652179e-02 4.601905935855058472e-01
-1.021460968024270541e-02 4.598687910263884460e-01
-8.546706418808194122e-03 4.595421938326124112e-01
-6.880847495635352903e-03 4.592107269570171457e-01
-5.217103925805448641e-03 4.588743153524413865e-01
-3.555546724400872761e-03 4.585328839717248695e-01
-1.896246906502880442e-03 4.581863577677066091e-01
-2.392754871938535671e-04 4.578346616932256752e-01
1.415296518444957453e-03 4.574777207011211932e-01
3.067398095331143847e-03 4.571154597442325662e-01
4.716958228383481659e-03 4.567478037753988640e-01
6.363905902519551711e-03 4.563746777474592675e-01
8.008170102658120071e-03 4.559960066132529577e-01
9.649679813716794882e-03 4.556117153256192265e-01
1.128836402061431446e-02 4.552217288373970883e-01
1.292415170826830342e-02 4.548259721014258905e-01
1.455697186159750009e-02 4.544243700705445921e-01
1.618675346551951347e-02 4.540168476975927625e-01
1.781342550495310095e-02 4.536033299354091386e-01
1.943691696481585074e-02 4.531837417368332899e-01
2.105715683002652716e-02 4.527580080547040642e-01
2.267407408550275311e-02 4.523260538418609755e-01
2.428759771616324434e-02 4.518878040511429273e-01
2.589765670692563068e-02 4.514431836353893224e-01
2.750418004270866953e-02 4.509921175474391752e-01
2.910709670842994562e-02 4.505345307401319443e-01
3.070633568900821980e-02 4.500703481663064220e-01
3.230182596936110456e-02 4.495994947788020668e-01
3.389349653440732607e-02 4.491218955304578930e-01
3.548127636906452803e-02 4.486374753741133592e-01
3.706509445825145743e-02 4.481461592626074797e-01
3.864487978688568165e-02 4.476478721487793244e-01
4.022056133988598237e-02 4.471425389854681298e-01
4.179206810216998941e-02 4.466300847255133544e-01
4.335932905865639425e-02 4.461104343217539570e-01
4.492227319426282672e-02 4.455835127270289520e-01
4.648082949390807544e-02 4.450492448941777979e-01
4.803492694250970085e-02 4.445075557760396201e-01
4.958449452498647075e-02 4.439583703254535996e-01
5.112946122625598722e-02 4.434016134952588617e-01
5.266975603123702498e-02 4.428372102382946984e-01
5.420530792484715837e-02 4.422650855074001797e-01
5.573604589200512049e-02 4.416851642554143753e-01
5.726189891762887424e-02 4.410973714351769104e-01
5.878279598663625760e-02 4.405016319995265772e-01
6.029866608394603145e-02 4.398978709013027233e-01
6.180943819447580478e-02 4.392860130933444185e-01
6.331504130314435930e-02 4.386659835284909548e-01
6.481540439486926930e-02 4.380377071595815686e-01
6.631045645456926096e-02 4.374011089394552743e-01
6.780012646716199187e-02 4.367561138209514748e-01
6.928434341756618819e-02 4.361026467569090181e-01
7.076303629069946588e-02 4.354406327001675847e-01
7.223613407148055110e-02 4.347699966035657448e-01
7.370356574482708756e-02 4.340906634199432901e-01
7.516526029565778755e-02 4.334025581021390128e-01
7.662114670889029477e-02 4.327056056029922604e-01
7.807115396944332153e-02 4.319997308753421028e-01
7.951521106223453927e-02 4.312848588720279985e-01
8.095324697218260479e-02 4.305609145458886844e-01
8.238519068420520342e-02 4.298278228497637299e-01
8.381097118322103356e-02 4.290855087364920384e-01
8.523051745414776670e-02 4.283338971589131239e-01
8.664375848190405960e-02 4.275729130698658897e-01
8.805062325140763924e-02 4.268024814221898500e-01
8.945104074757714852e-02 4.260225271687236304e-01
9.084493995533025890e-02 4.252329752623070225e-01
9.223224985958568267e-02 4.244337506557787632e-01
9.361289944526104967e-02 4.236247783019783664e-01
9.498681769727507218e-02 4.228059831537446245e-01
9.635393360054542167e-02 4.219772901639171625e-01
9.771417613999081042e-02 4.211386242853349948e-01
9.906747430052886827e-02 4.202899104708372469e-01
1.004137570670782659e-01 4.194310736732630995e-01
1.017529534245567441e-01 4.185620388454519558e-01
1.030849923578829042e-01 4.176827309402424415e-01
1.044098231394570697e-01 4.167931007996362180e-01
1.057274815285992042e-01 4.158932096328928907e-01
1.070380263271997756e-01 4.149831480542446882e-01
1.083415163373572243e-01 4.140630066781876284e-01
1.096380103611687834e-01 4.131328761192180066e-01
1.109275672007328933e-01 4.121928469918316740e-01
1.122102456581468705e-01 4.112430099105252035e-01
1.134861045355090858e-01 4.102834554897942243e-01
1.147552026349169252e-01 4.093142743441354203e-01
1.160175987584687179e-01 4.083355570880444763e-01
1.172733517082618221e-01 4.073473943360177429e-01
1.185225202863945809e-01 4.063498767025513492e-01
1.197651632949643802e-01 4.053430948021414237e-01
1.210013395360695632e-01 4.043271392492840954e-01
1.222311078118075156e-01 4.033021006584756041e-01
1.234545269242765947e-01 4.022680696442119674e-01
1.246716556755741029e-01 4.012251368209893143e-01
1.258825528677984251e-01 4.001733928033038290e-01
1.270872773030469471e-01 3.991129282056516403e-01
1.282858877834180122e-01 3.980438336425289880e-01
1.294784431110089507e-01 3.969661997284318899e-01
1.306650020879181751e-01 3.958801170778566414e-01
1.318456235162430157e-01 3.947856763052992046e-01
1.330203661980817742e-01 3.936829680252556529e-01
1.341892889355319196e-01 3.925720828522224481e-01
1.353524505306916981e-01 3.914531114006955526e-01
1.365099097856585786e-01 3.903261442851709839e-01
1.376617255025308351e-01 3.891912721201450931e-01
1.388079564834059088e-01 3.880485855201140089e-01
1.399486615303819625e-01 3.868981750995735269e-01
1.410838994455568540e-01 3.857401314730201647e-01
1.422137290310280799e-01 3.845745452549501620e-01
1.433382090888939420e-01 3.834015070598591479e-01
1.444573984212519091e-01 3.822211075022439175e-01
1.455713558302002830e-01 3.810334371965999334e-01
1.466801401178364217e-01 3.798385867574238794e-01
1.477838100862586546e-01 3.786366467992116625e-01
1.488824245375643951e-01 3.774277079364595222e-01
1.499760422738519450e-01 3.762118607836633100e-01
1.510647220972187454e-01 3.749891959553195986e-01
1.521485228097630427e-01 3.737598040659240173e-01
1.532275032135823334e-01 3.725237757299734165e-01
1.543017221107748638e-01 3.712812015619632589e-01
1.553712383034380751e-01 3.700321721763901728e-01
1.564361105936701857e-01 3.687767781877497320e-01
1.574963977835687479e-01 3.675151102105388423e-01
1.585521586752318968e-01 3.662472588592529110e-01
1.596034520707572402e-01 3.649733147483885665e-01
1.606503367722428854e-01 3.636933684924416599e-01
1.616928715817864404e-01 3.624075107059087086e-01
1.627311153014859846e-01 3.611158320032852309e-01
1.637651267334391536e-01 3.598184229990680771e-01
1.647949646797440826e-01 3.585153743077527655e-01
1.658206879424983238e-01 3.572067765438359244e-01
1.668423553238000401e-01 3.558927203218133495e-01
1.678600256257467838e-01 3.545732962561815027e-01
1.688737576504366900e-01 3.532485949614361243e-01
1.698836101999673387e-01 3.519187070520738425e-01
1.708896420764369206e-01 3.505837231425902312e-01
1.718919120819429880e-01 3.492437338474820852e-01
1.728904790185836760e-01 3.478988297812449226e-01
1.738854016884565090e-01 3.465491015583753165e-01
1.748767388936596778e-01 3.451946397933690069e-01
1.758645494362907624e-01 3.438355351007227334e-01
1.768488921184478424e-01 3.424718780949320696e-01
1.778298257422286088e-01 3.411037593904934773e-01
1.788074091097311136e-01 3.397312696019027523e-01
1.797817010230529089e-01 3.383544993436566339e-01
1.807527602842922132e-01 3.369735392302506405e-01
1.817206456955466343e-01 3.355884798761813448e-01
1.826854160589141407e-01 3.341994118959445426e-01
1.836471301764924791e-01 3.328064259040367512e-01
1.846058468503797290e-01 3.314096125149536554e-01
1.855616248826734149e-01 3.300090623431919945e-01
1.865145230754717554e-01 3.286048660032472868e-01
1.874646002308722748e-01 3.271971141096161606e-01
1.884119151509732193e-01 3.257858972767944117e-01
1.893565266378719747e-01 3.243713061192784464e-01
1.902984934936668704e-01 3.229534312515641159e-01
1.912378745204553199e-01 3.215323632881479377e-01
1.921747285203356248e-01 3.201081928435256518e-01
1.931091142954051709e-01 3.186810105321937758e-01
1.940410906477622877e-01 3.172509069686480498e-01
1.949707163795044718e-01 3.158179727673852688e-01
1.958980502927298306e-01 3.143822985429006178e-01
1.968231511895359720e-01 3.129439749096910584e-01
1.977460778720210866e-01 3.115030924822522751e-01
1.986668891422826433e-01 3.100597418750808409e-01
1.995856438024188328e-01 3.086140137026722741e-01
2.005024006545272630e-01 3.071659985795233694e-01
2.014172185007060134e-01 3.057157871201297006e-01
2.023301561430527196e-01 3.042634699389879516e-01
2.032412723836655166e-01 3.028091376505936960e-01
2.041506260246419291e-01 3.013528808694436734e-01
2.050582758680801476e-01 2.998947902100334573e-01
2.059642807160778355e-01 2.984349562868593431e-01
2.068686993707327670e-01 2.969734697144179592e-01
2.077715906341431051e-01 2.955104211072048237e-01
2.086730133084062910e-01 2.940459010797164541e-01
2.095730261956206264e-01 2.925800002464487570e-01
2.104716880978835802e-01 2.911128092218981944e-01
2.113690578172933154e-01 2.896444186205602844e-01
2.122651941559474398e-01 2.881749190569319885e-01
2.131601559159441162e-01 2.867044011455087693e-01
2.140540018993807858e-01 2.852329555007873108e-01
2.149467909083557504e-01 2.837606727372630755e-01
2.158385817449664235e-01 2.822876434694329140e-01
2.167294332113111621e-01 2.808139583117924554e-01
2.176194041094872966e-01 2.793397078788382726e-01
2.185085532415931842e-01 2.778649827850660503e-01
2.193969394097262937e-01 2.763898736449724725e-01
2.202846214159847604e-01 2.749144710730530017e-01
2.211716580624661643e-01 2.734388656838044329e-01
2.220581081512686406e-01 2.719631480917223953e-01
2.229440304844897969e-01 2.704874089113034064e-01
2.238294838642278239e-01 2.690117387570433172e-01
2.247145270925801075e-01 2.675362282434386452e-01
2.255992189716450047e-01 2.660609679849850195e-01
2.264836183516978352e-01 2.645860451360558807e-01
2.273677843489136097e-01 2.631115277541817843e-01
2.282517761706998605e-01 2.616374773445655499e-01
2.291356530245463596e-01 2.601639554065289239e-01
2.300194741179424351e-01 2.586910234393950958e-01
2.309032986583778591e-01 2.572187429424858118e-01
2.317871858533418483e-01 2.557471754151240950e-01
2.326711949103243415e-01 2.542763823566319137e-01
2.335553850368145834e-01 2.528064252663321243e-01
2.344398154403023737e-01 2.513373656435466952e-01
2.353245453282768740e-01 2.498692649875985661e-01
2.362096339082281893e-01 2.484021847978097330e-01
2.370951403876452590e-01 2.469361865735030248e-01
2.379811239740182160e-01 2.454713318140005485e-01
2.388676438748360553e-01 2.440076820186250772e-01
2.397547592975887987e-01 2.425452986866986071e-01
2.406425294497656353e-01 2.410842433175441335e-01
2.415310135388564206e-01 2.396245774104835413e-01
2.424202707723504269e-01 2.381663624648396871e-01
2.433103603577374263e-01 2.367096599799346779e-01
2.442013415025066914e-01 2.352545314550913425e-01
2.450932734141481606e-01 2.338010383896317046e-01
2.459862153001509122e-01 2.323492422828785653e-01
2.468802263680049958e-01 2.308992046341539761e-01
2.477753658251994895e-01 2.294509869427808491e-01
2.486716928792243597e-01 2.280046507080811802e-01
2.495692667375687124e-01 2.265602574293777705e-01
2.504681466077225416e-01 2.251178686059926992e-01
2.513683916971751198e-01 2.236775457372488507e-01
2.522700612134162190e-01 2.222393503224681655e-01
2.531732143639349175e-01 2.208033438609735277e-01
2.540779103562213481e-01 2.193695878520869336e-01
2.549842083977646445e-01 2.179381437951313782e-01
2.558921676960546621e-01 2.165090731894286913e-01
2.568018474585805899e-01 2.150824375343019235e-01
2.577133068928323945e-01 2.136582983290728210e-01
2.586266052062991538e-01 2.122367170730645736e-01
2.595418016064708344e-01 2.108177552655989551e-01
2.604589553008366809e-01 2.094014744059989330e-01
2.613781254968865486e-01 2.079879359935865313e-01
2.622993714021096823e-01 2.065772015276845508e-01
2.632227522239958817e-01 2.051693325076150987e-01
2.641483271700345581e-01 2.037643904327006705e-01
2.650761554477151782e-01 2.023624368022640951e-01
2.660062962645274309e-01 2.009635331156272575e-01
2.669388088279607829e-01 1.995677408721130974e-01
2.678737523455048675e-01 1.981751215710435832e-01
2.688111860246490958e-01 1.967857367117417100e-01
2.697511690728832123e-01 1.953996477935292519e-01
2.706937606976965172e-01 1.940169163157292320e-01
2.716390201065789212e-01 1.926376037776636740e-01
2.725870065070195025e-01 1.912617716786553790e-01
2.735377791065082831e-01 1.898894815180264262e-01
2.744913971125343966e-01 1.885207947950996443e-01
2.754479197325876427e-01 1.871557730091970018e-01
2.764074061741574884e-01 1.857944776596413827e-01
2.773699156447335668e-01 1.844369702457548665e-01
2.783355073518052336e-01 1.830833122668603097e-01
2.793042405028622888e-01 1.817335652222796250e-01
2.802761743053939769e-01 1.803877906113358076e-01
2.812513679668902089e-01 1.790460499333507427e-01
2.822298806948401739e-01 1.777084046876473977e-01
2.832117716967337828e-01 1.763749163735477687e-01
2.841971001800601693e-01 1.750456464903746845e-01
2.851859253523092441e-01 1.737206565374501133e-01
2.861783064209703631e-01 1.724000080140971058e-01
2.871743025935332705e-01 1.710837624196374918e-01
2.881739730774871555e-01 1.697719812533942108e-01
2.891773770803219290e-01 1.684647260146892589e-01
2.901845738095267802e-01 1.671620582028454649e-01
2.911956224725917308e-01 1.658640393171849636e-01
2.922105822770058037e-01 1.645707308570305283e-01
2.932295124302590761e-01 1.632821943217041549e-01
2.942524721398405152e-01 1.619984912105287278e-01
2.952795206132403094e-01 1.607196830228262707e-01
2.963107170579473704e-01 1.594458312579196957e-01
2.973461206814517754e-01 1.581769974151308877e-01
2.983857906912426583e-01 1.569132429937828699e-01
2.994297862948099853e-01 1.556546294931975549e-01
3.004781666996428902e-01 1.544012184126978549e-01
3.015309911132311727e-01 1.531530712516057102e-01
3.025883187430642440e-01 1.519102495092441163e-01
3.036502087966319041e-01 1.506728146849349859e-01
3.047167204814233421e-01 1.494408282780011477e-01
3.057879130049284688e-01 1.482143517877647643e-01
3.068638455746363625e-01 1.469934467135485257e-01
3.079445773980371004e-01 1.457781745546745389e-01
3.090301676826198718e-01 1.445685968104657437e-01
3.101206756358743655e-01 1.433647749802439975e-01
3.112161604652901037e-01 1.421667705633322398e-01
3.123166813783566642e-01 1.409746450590525224e-01
3.134222975825634583e-01 1.397884599667276462e-01
3.145330682854003412e-01 1.386082767856796349e-01
3.156490526943563912e-01 1.374341570152314562e-01
3.167703100169217412e-01 1.362661621547049395e-01
3.178968994605853027e-01 1.351043537034230524e-01
3.190288802328372642e-01 1.339487931607078741e-01
3.201663115411665372e-01 1.327995420258821224e-01
3.213092525930631993e-01 1.316566617982679321e-01
3.224577625960163285e-01 1.305202139771881320e-01
3.236119007575160578e-01 1.293902600619646903e-01
3.247717262850514097e-01 1.282668615519205468e-01
3.259372983861122397e-01 1.271500799463776699e-01
3.271086762681877369e-01 1.260399767446589159e-01
3.282859191387680342e-01 1.249366134460863642e-01
3.294690862053422653e-01 1.238400515499825660e-01
3.306582366753998969e-01 1.227503525556702252e-01
3.318534297564307289e-01 1.216675779624713655e-01
3.330547246559241170e-01 1.205917892697088573e-01
3.342621805813699165e-01 1.195230479767047105e-01
3.354758567402571501e-01 1.184614155827817539e-01
3.366958123400760061e-01 1.174069535872620390e-01
3.379221065883154518e-01 1.163597234894684085e-01
3.391547986924654534e-01 1.153197867887229139e-01
3.403939478600152002e-01 1.142872049843483701e-01
3.416396132984547140e-01 1.132620395756667869e-01
3.428918542152730176e-01 1.122443520620011043e-01
3.441507298179601326e-01 1.112342039426732626e-01
3.454162983897471340e-01 1.102316560063842654e-01
3.466885732457318792e-01 1.092367344677841051e-01
3.479675034424148383e-01 1.082494161358731471e-01
3.492530330991762133e-01 1.072696740237124857e-01
3.505451063353955399e-01 1.062974811443638673e-01
3.518436672704528534e-01 1.053328105108883028e-01
3.531486600237278006e-01 1.043756351363475665e-01
3.544600287146003614e-01 1.034259280338027109e-01
3.557777174624500716e-01 1.024836622163154271e-01
3.571016703866570219e-01 1.015488106969467397e-01
3.584318316066006926e-01 1.006213464887584924e-01
3.597681452416611747e-01 9.970124260481164069e-02
3.611105554112180593e-01 9.878847205816798649e-02
3.624590062346513819e-01 9.788300786188851299e-02
3.638134418313406226e-01 9.698482302903499441e-02
3.651738063206658724e-01 9.609389057266845557e-02
3.665400438220066670e-01 9.521018350585067069e-02
3.679120984547430973e-01 9.433367484164266459e-02
3.692899143382545879e-01 9.346433759310618372e-02
3.706734355919215074e-01 9.260214477330225291e-02
3.720626063351230028e-01 9.174706939529260474e-02
3.734573706872394427e-01 9.089908447213834730e-02
3.748576727676500853e-01 9.005816301690115766e-02
3.762634566957351878e-01 8.922427804264208839e-02
3.776746665908742306e-01 8.839740256242288596e-02
3.790912465724474156e-01 8.757750958930463070e-02
3.805131407598340010e-01 8.676457213634901355e-02
3.819402932724144106e-01 8.595856321661711485e-02
3.833726482295677362e-01 8.515945584317063943e-02
3.848101497506742907e-01 8.436722302907066762e-02
3.862527419551137209e-01 8.358183778737889036e-02
3.877003689622658955e-01 8.280327313115641574e-02
3.891529748915102949e-01 8.203150207346490697e-02
3.906105038622273429e-01 8.126649762736549987e-02
3.920728999937961867e-01 8.050823280591985764e-02
3.935401074055970838e-01 7.975668062218908838e-02
3.950120702170093479e-01 7.901181408923482752e-02
3.964887325474135693e-01 7.827360622011826641e-02
3.979700385161886178e-01 7.754203002790101273e-02
3.994559322427150283e-01 7.681705852564421622e-02
4.009463578463721145e-01 7.609866472640951229e-02
4.024412594465401338e-01 7.538682164325807844e-02
4.039405811625982334e-01 7.468150228925148071e-02
4.054442671139270038e-01 7.398267967745093820e-02
4.069522614199056476e-01 7.329032682091807249e-02
4.084645081999142557e-01 7.260441673271397778e-02
4.099809515733323639e-01 7.192492242590037277e-02
4.115015356595401186e-01 7.125181691353835167e-02
4.130262045779169444e-01 7.058507320868954993e-02
4.145549024478431543e-01 6.992466432441514501e-02
4.160875733886981731e-01 6.927056327377663358e-02
4.176241615198615365e-01 6.862274306983554006e-02
4.191646109607138349e-01 6.798117672565300029e-02
4.207088658306338824e-01 6.734583725429064971e-02
4.222568702490023806e-01 6.671669766880963803e-02
4.238085683351985322e-01 6.609373098227161458e-02
4.253639042086024835e-01 6.547691020773772907e-02
4.269228219885937703e-01 6.486620835826960307e-02
4.284852657945524834e-01 6.426159844692838630e-02
4.300511797458580476e-01 6.366305348677568643e-02
4.316205079618907758e-01 6.307054649087275033e-02
4.331931945620297597e-01 6.248405047228108161e-02
4.347691836656557007e-01 6.190353844406193407e-02
4.363484193921474130e-01 6.132898341927688068e-02
4.379308458608855981e-01 6.076035841098711976e-02
4.395164071912492920e-01 6.019763643225421734e-02
4.411050475026189188e-01 5.964079049613940642e-02
4.426967109143737922e-01 5.908979361570425304e-02
4.442913415458941140e-01 5.854461880400995549e-02
4.458888835165593090e-01 5.800523907411812147e-02
4.474892809457496901e-01 5.747162743908990762e-02
4.490924779528443489e-01 5.694375691198694245e-02
4.506984186572237094e-01 5.642160050587038955e-02
4.523070471782670854e-01 5.590513123380187049e-02
4.539183076353549007e-01 5.539432210884254887e-02
4.555321441478662470e-01 5.488914614405402542e-02
4.571485008351814372e-01 5.438957635249751232e-02
4.587673218166797851e-01 5.389558574723456869e-02
4.603885512117418255e-01 5.340714734132642749e-02
4.620121331397465392e-01 5.292423414783461316e-02
4.636380117200743500e-01 5.244681917982042113e-02
4.652661310721046273e-01 5.197487545034533418e-02
4.668964353152175728e-01 5.150837597247062694e-02
4.685288685687925003e-01 5.104729375925783769e-02
4.701633749522097783e-01 5.059160182376820636e-02
4.717998985848486648e-01 5.014127317906327819e-02
4.734383835860894729e-01 4.969628083820428616e-02
4.750787740753114607e-01 4.925659781425278244e-02
4.767210141718947747e-01 4.882219712026998615e-02
4.783650479952190615e-01 4.839305176931747721e-02
4.800108196646645786e-01 4.796913477445648860e-02
4.816582732996101957e-01 4.755041914874853087e-02
4.833073530194365586e-01 4.713687790525486476e-02
4.849580029435231476e-01 4.672848405703706326e-02
4.866101671912498317e-01 4.632521061715631078e-02
4.882637898819961464e-01 4.592703059867420806e-02
4.899188151351424603e-01 4.553391701465195340e-02
4.915751870700678650e-01 4.514584287815111285e-02
4.932328498061527844e-01 4.476278120223291940e-02
4.948917474627765323e-01 4.438470499995891133e-02
4.965518241593193660e-01 4.401158728439033552e-02
4.982130240151604883e-01 4.364340106858873719e-02
4.998752911496804341e-01 4.328011936561536321e-02
5.015385696822581840e-01 4.292171518853173801e-02
5.032028037322745506e-01 4.256816155039912924e-02
5.048679374191082925e-01 4.221943146427904747e-02
5.065339148621400556e-01 4.187549794323277425e-02
5.082006801807488205e-01 4.153633400032180623e-02
5.098681774943152334e-01 4.120191264860743191e-02
5.115363509222183858e-01 4.087220690115114796e-02
5.132051445838385906e-01 4.054718977101423594e-02
5.148745025985550505e-01 4.022683427125820638e-02
5.165443690857485226e-01 3.991111341494434084e-02
5.182146881647978764e-01 3.960000021513413598e-02
5.198854039550833139e-01 3.929346768488887337e-02
5.215564605759848149e-01 3.899148883727000803e-02
5.232278021468816931e-01 3.869403668533896723e-02
5.248993727871541504e-01 3.840108424215706723e-02
5.265711166161816115e-01 3.811260452078576999e-02
5.282429777533442783e-01 3.782857053428639177e-02
5.299149003180216866e-01 3.754895529572042229e-02
5.315868284295939272e-01 3.727373181814913616e-02
5.332587062074402029e-01 3.700287311463404394e-02
5.349304777709411596e-01 3.673635219823642717e-02
5.366020872394758889e-01 3.647414208201778252e-02
5.382734787324245929e-01 3.621621577903941236e-02
5.399445963691668071e-01 3.596254630236278560e-02
5.416153842690826226e-01 3.571310666504921849e-02
5.432857865515513529e-01 3.546786988016017994e-02
5.449557473359534221e-01 3.522680896075698620e-02
5.466252107416680328e-01 3.498989691990110618e-02
5.482941208880756090e-01 3.475710677065386306e-02
5.499624218945553533e-01 3.452841152607670494e-02
5.516300578804875787e-01 3.430378419923096889e-02
5.532969729652514879e-01 3.408319780317810993e-02
5.549631112682273937e-01 3.386662535097945126e-02
5.566284169087949429e-01 3.365403985569646872e-02
5.582928340063340045e-01 3.344541433039045081e-02
5.599563066802241140e-01 3.324072178812290113e-02
5.616187790498454735e-01 3.303993524195511511e-02
5.632801952345773966e-01 3.284302770494855472e-02
5.649404993538001962e-01 3.264997219016455704e-02
5.665996355268930751e-01 3.246074171066457015e-02
5.682575478732365681e-01 3.227530927950993112e-02
5.699141805122096560e-01 3.209364790976208109e-02
5.715694775631930957e-01 3.191573061448237103e-02
5.732233831455656459e-01 3.174153040673223514e-02
5.748758413787080634e-01 3.157102029957301742e-02
5.765267963819993291e-01 3.140417330606615903e-02
5.781761922748198668e-01 3.124096243927300051e-02
5.798239731765489902e-01 3.108136071225498995e-02
5.814700832065669012e-01 3.092534113807346441e-02
5.831144664842531355e-01 3.077287672978987892e-02
5.847570671289876731e-01 3.062394050046554975e-02
5.863978292601501607e-01 3.047850546316194925e-02
5.880366969971206892e-01 3.033654463094039716e-02
5.896736144592784612e-01 3.019803101686234503e-02
5.913085257660040117e-01 3.006293763398912994e-02
5.929413750366763214e-01 2.993123749538219996e-02
5.945721063906762582e-01 2.980290361410290606e-02
5.962006639473824698e-01 2.967790900321266162e-02
5.978269918261757132e-01 2.955622667577284188e-02
5.994510341464348580e-01 2.943782964484486023e-02
6.010727350275407721e-01 2.932269092349008496e-02
6.026920385888722143e-01 2.921078352476993295e-02
6.043088889498098304e-01 2.910208046174577248e-02
6.059232302297328232e-01 2.899655474747902389e-02
6.075350065480213946e-01 2.889417939503104160e-02
6.091441620240550803e-01 2.879492741746327023e-02
6.107506407772139712e-01 2.869877182783704336e-02
6.123543869268773809e-01 2.860568563921380217e-02
6.139553445924255115e-01 2.851564186465489759e-02
6.155534578932378986e-01 2.842861351722175689e-02
6.171486709486948552e-01 2.834457360997574837e-02
6.187409278781755839e-01 2.826349515597829237e-02
6.203301728010601757e-01 2.818535116829073636e-02
6.219163498367282772e-01 2.811011465997451803e-02
6.234994031045599794e-01 2.803775864409099872e-02
