-5.582236329179400824e-01 1.441725843521400208e+00
-5.604797284096357801e-01 1.439325820459388394e+00
-5.627416380093883674e-01 1.436927668854734330e+00
-5.650092438918558058e-01 1.434531339662102001e+00
-5.672824282316948352e-01 1.432136783836153837e+00
-5.695610732035623069e-01 1.429743952331551604e+00
-5.718450609821151831e-01 1.427352796102958399e+00
-5.741342737420109810e-01 1.424963266105037762e+00
-5.764285936579066627e-01 1.422575313292451460e+00
-5.787279029044590795e-01 1.420188888619861922e+00
-5.810320836563255265e-01 1.417803943041932691e+00
-5.833410180881630769e-01 1.415420427513326862e+00
-5.856545883746284709e-01 1.413038292988705535e+00
-5.879726766903791146e-01 1.410657490422732696e+00
-5.902951652100723035e-01 1.408277970770070997e+00
-5.926219361083647774e-01 1.405899684985382647e+00
-5.949528715599131656e-01 1.403522584023329856e+00
-5.972878537393755405e-01 1.401146618838577051e+00
-5.996267648214084200e-01 1.398771740385785778e+00
-6.019694869806687665e-01 1.396397899619618466e+00
-6.043159023918138750e-01 1.394025047494737990e+00
-6.066658932295010409e-01 1.391653134965807892e+00
-6.090193416683865602e-01 1.389282112987489493e+00
-6.113761298831285051e-01 1.386911932514446777e+00
-6.137361400483831719e-01 1.384542544501341732e+00
-6.160992543388081888e-01 1.382173899902837677e+00
-6.184653549290600738e-01 1.379805949673596155e+00
-6.208343239937961222e-01 1.377438644768280707e+00
-6.232060437076738513e-01 1.375071936141554652e+00
-6.255803962453500011e-01 1.372705774748079532e+00
-6.279572637814812008e-01 1.370340111542517780e+00
-6.303365284907255228e-01 1.367974897479534047e+00
-6.327180725477390411e-01 1.365610083513789208e+00
-6.351017781271793838e-01 1.363245620599946140e+00
-6.374875274037032913e-01 1.360881459692668161e+00
-6.398752025519683917e-01 1.358517551746618146e+00
-6.422646857466313142e-01 1.356153847716458527e+00
-6.446558591623490209e-01 1.353790298556851068e+00
-6.470486049737791401e-01 1.351426855222459977e+00
-6.494428053555783009e-01 1.349063468667947241e+00
-6.518383424824035766e-01 1.346700089847975290e+00
-6.542350985289121512e-01 1.344336669717207222e+00
-6.566329556697612091e-01 1.341973159230306134e+00
-6.590317960796078234e-01 1.339609509341933569e+00
-6.614315019331086232e-01 1.337245671006752845e+00
-6.638319554049214588e-01 1.334881595179427505e+00
-6.662330386697028484e-01 1.332517232814619090e+00
-6.686346339021097540e-01 1.330152534866990477e+00
-6.710366232767998040e-01 1.327787452291204984e+00
-6.734388889684296275e-01 1.325421936041924820e+00
-6.758413131516565198e-01 1.323055937073812416e+00
-6.782437780011373318e-01 1.320689406341530869e+00
-6.806461656915294700e-01 1.318322294799743055e+00
-6.830483583974896744e-01 1.315954553403111404e+00
-6.854502382936750182e-01 1.313586133106298348e+00
-6.878516875547430187e-01 1.311216984863967872e+00
-6.902525883553503050e-01 1.308847059630780629e+00
-6.926528228701543943e-01 1.306476308361401495e+00
-6.950522732738116938e-01 1.304104682010491123e+00
-6.974508217409797206e-01 1.301732131532713499e+00
-6.998483504463156590e-01 1.299358607882731276e+00
-7.022447415644763602e-01 1.296984062015206662e+00
-7.046398772701191193e-01 1.294608444884802756e+00
-7.070336397379005655e-01 1.292231707446181765e+00
-7.094259111424783271e-01 1.289853800654007232e+00
-7.118165736585091441e-01 1.287474675462941143e+00
-7.142055094606500898e-01 1.285094282827646150e+00
-7.165926007235583484e-01 1.282712573702785575e+00
-7.189777296218908820e-01 1.280329499043021624e+00
-7.213607783303048748e-01 1.277945009803017173e+00
-7.237416290234575111e-01 1.275559056937434654e+00
-7.261201638760056420e-01 1.273171591400937164e+00
-7.284962650626065628e-01 1.270782564148187355e+00
-7.308698147579169024e-01 1.268391926133847658e+00
-7.332406951365941783e-01 1.265999628312580949e+00
-7.356087883732955746e-01 1.263605621639049881e+00
-7.379739766426778314e-01 1.261209857067917550e+00
-7.403361421193980219e-01 1.258812285553845944e+00
-7.426951669781132193e-01 1.256412858051498382e+00
-7.450509333934807188e-01 1.254011525515537073e+00
-7.474033235401575936e-01 1.251608238900624892e+00
-7.497522195928006949e-01 1.249202949161424714e+00
-7.520975037260672069e-01 1.246795607252599192e+00
-7.544390581146142027e-01 1.244386164128811201e+00
-7.567767649330989777e-01 1.241974570744722728e+00
-7.591105063561781607e-01 1.239560778054997536e+00
-7.614401645585089362e-01 1.237144737014296725e+00
-7.637656217147489324e-01 1.234726398577285167e+00
-7.660867599995545563e-01 1.232305713698623739e+00
-7.684034615875829921e-01 1.229882633332975983e+00
-7.707156086534916462e-01 1.227457108435004551e+00
-7.730230833719373695e-01 1.225029089959371875e+00
-7.753257679175774575e-01 1.222598528860741274e+00
-7.776235444650683171e-01 1.220165376093774068e+00
-7.799162951890677986e-01 1.217729582613134465e+00
-7.822039022642327533e-01 1.215291099373484895e+00
-7.844862478652201432e-01 1.212849877329487347e+00
-7.867632141666869305e-01 1.210405867435804916e+00
-7.890346833432905216e-01 1.207959020647100257e+00
-7.913005375696878785e-01 1.205509287918036465e+00
-7.935606590205356303e-01 1.203056620203275529e+00
-7.958149298704917385e-01 1.200600968457480988e+00
-7.980632322942124990e-01 1.198142283635314831e+00
-8.003054484663552071e-01 1.195680516691439710e+00
-8.025414605615772690e-01 1.193215618580519388e+00
-8.047711507545353138e-01 1.190747540257215187e+00
-8.069944012198865257e-01 1.188276232676190203e+00
-8.092110941322884221e-01 1.185801646792108421e+00
-8.114211116663974099e-01 1.183323733559630497e+00
-8.136243359968707844e-01 1.180842443933420638e+00
-8.158206492983658409e-01 1.178357728868140830e+00
-8.180099337455395414e-01 1.175869539318454393e+00
-8.201920715130486261e-01 1.173377826239022870e+00
-8.223669447755509454e-01 1.170882540584510245e+00
-8.245344357077030173e-01 1.168383633309578951e+00
-8.266944264841618040e-01 1.165881055368890973e+00
-8.288467992795844896e-01 1.163374757717109409e+00
-8.309914362686285916e-01 1.160864691308897356e+00
-8.331282216806723540e-01 1.158350802915753430e+00
-8.352570844306155262e-01 1.155832948334911237e+00
-8.373779967344741060e-01 1.153310895207807274e+00
-8.394909325860211435e-01 1.150784407556587619e+00
-8.415958659790286900e-01 1.148253249403397236e+00
-8.436927709072695736e-01 1.145717184770380204e+00
-8.457816213645151793e-01 1.143175977679681710e+00
-8.478623913445388904e-01 1.140629392153446720e+00
-8.499350548411124251e-01 1.138077192213819755e+00
-8.519995858480088335e-01 1.135519141882946226e+00
-8.540559583589999448e-01 1.132955005182970654e+00
-8.561041463678585872e-01 1.130384546136038004e+00
-8.581441238683567008e-01 1.127807528764292577e+00
-8.601758648542667807e-01 1.125223717089880004e+00
-8.621993433193614331e-01 1.122632875134944808e+00
-8.642145332574128203e-01 1.120034766921631730e+00
-8.662214086621937703e-01 1.117429156472086182e+00
-8.682199435274761123e-01 1.114815807808452242e+00
-8.702101118470323415e-01 1.112194484952874873e+00
-8.721918876146349531e-01 1.109564951927499488e+00
-8.741652448240566642e-01 1.106926972754470828e+00
-8.761301574690690819e-01 1.104280311455933195e+00
-8.780865995434454785e-01 1.101624732054031774e+00
-8.800345450409576831e-01 1.098959998570911534e+00
-8.819739679553783018e-01 1.096285875028717438e+00
-8.839048422804793859e-01 1.093602125449593787e+00
-8.858271420100338744e-01 1.090908513855685991e+00
-8.877408411378137076e-01 1.088204804269138570e+00
-8.896459136575913806e-01 1.085490760712096936e+00
-8.915423335631392776e-01 1.082766147206704943e+00
-8.934300748482300047e-01 1.080030727775108446e+00
-8.953091115066356132e-01 1.077284266439451521e+00
-8.971794175321287090e-01 1.074526527221879357e+00
-8.990409669184816766e-01 1.071757274144536920e+00
-9.008937336594665668e-01 1.068976271229568731e+00
-9.027376917488564301e-01 1.066183282499120200e+00
-9.045728151804229844e-01 1.063378071975335626e+00
-9.063990779479391691e-01 1.060560403680360420e+00
-9.082164540451769241e-01 1.057730041636339102e+00
-9.100249174659087448e-01 1.054886749865416196e+00
-9.118244422039071262e-01 1.052030292389736665e+00
-9.136150022529447856e-01 1.049160433231446365e+00
-9.153965716067934411e-01 1.046276936412688929e+00
-9.171691242592260318e-01 1.043379565955609767e+00
-9.189326342040143869e-01 1.040468085882353400e+00
-9.206870754349312236e-01 1.037542260215065237e+00
-9.224324219457490370e-01 1.034601852975889580e+00
-9.241686477302399894e-01 1.031646628186971615e+00
-9.258957267821767978e-01 1.028676349870455864e+00
-9.276136330953314024e-01 1.025690782048487737e+00
-9.293223406634766315e-01 1.022689688743211534e+00
-9.310218234803845361e-01 1.019672833976772441e+00
-9.327120555398273893e-01 1.016639981771314982e+00
-9.343930108355781305e-01 1.013590896148984344e+00
-9.360646633614086998e-01 1.010525341131925270e+00
-9.377269871110914812e-01 1.007443080742282726e+00
-9.393799560783993030e-01 1.004343879002201456e+00
-9.410235442571039943e-01 1.001227499933825982e+00
-9.426577256409782724e-01 9.980937075593018237e-01
-9.442823345231804444e-01 9.949423926684953789e-01
-9.458965482109615852e-01 9.917740422162036884e-01
-9.474993510537930153e-01 9.885893182517885291e-01
-9.490897273753664543e-01 9.853888828480036333e-01
-9.506666614993750652e-01 9.821733980776037320e-01
-9.522291377495109010e-01 9.789435260133420025e-01
-9.537761404494657924e-01 9.756999287279727318e-01
-9.553066539229329024e-01 9.724432682942500961e-01
-9.568196624936043948e-01 9.691742067849276054e-01
-9.583141504851727666e-01 9.658934062727598802e-01
-9.597891022213300705e-01 9.626015288305003192e-01
-9.612435020257688034e-01 9.592992365309030989e-01
-9.626763342221814623e-01 9.559871914467221732e-01
-9.640865831342602110e-01 9.526660556507117184e-01
-9.654732330856976574e-01 9.493364912156253554e-01
-9.668352684001860764e-01 9.459991602142173717e-01
-9.681716734014179648e-01 9.426547247192416101e-01
-9.694814324130852645e-01 9.393038468034521360e-01
-9.707635297588810275e-01 9.359471885396026813e-01
-9.720169497624973065e-01 9.325854120004478665e-01
-9.732406767476259324e-01 9.292191792587404242e-01
-9.744336950379602902e-01 9.258491523872356410e-01
-9.755949889571922107e-01 9.224759934586868049e-01
-9.767235428290139687e-01 9.191003645458482030e-01
-9.778183409771181722e-01 9.157229277214734564e-01
-9.788783677251970960e-01 9.123443450583168524e-01
-9.799026073969430151e-01 9.089652786291320119e-01
-9.808900443160486482e-01 9.055863905066735553e-01
-9.818396628062061593e-01 9.022083427636947706e-01
-9.827504471911078232e-01 8.988317974729499449e-01
-9.836213817944462479e-01 8.954574167071932544e-01
-9.844514509399135971e-01 8.920858625391784313e-01
-9.852396389512024788e-01 8.887177970416594297e-01
-9.859849301520049458e-01 8.853538822873900926e-01
-9.866863088660139391e-01 8.819947803491250404e-01
-9.873427594169210675e-01 8.786411532996171170e-01
-9.879532661284191608e-01 8.752936632116214977e-01
-9.885168133242008270e-01 8.719529721578914705e-01
-9.890323853279578969e-01 8.686197422111814337e-01
-9.894989664633829785e-01 8.652946354442448973e-01
-9.899155410541685685e-01 8.619783139298360375e-01
-9.902810934240072749e-01 8.586714397407089194e-01
-9.905946078965907065e-01 8.553746749496173862e-01
-9.908550687956119152e-01 8.520886816293157251e-01
-9.910614604447628428e-01 8.488141218525571130e-01
-9.912127671677363194e-01 8.455516576920967253e-01
-9.913079732882242867e-01 8.423019512206875170e-01
-9.913460631299195747e-01 8.390656645110839973e-01
-9.913260210165141251e-01 8.358434596360398983e-01
-9.912468312717005459e-01 8.326359986683093961e-01
-9.911074782191711119e-01 8.294439436806463339e-01
-9.909069461826183201e-01 8.262679567458046659e-01
-9.906442194857344452e-01 8.231086999365385681e-01
-9.903182824522120953e-01 8.199668353256019948e-01
-9.899281194057432121e-01 8.168430249857484560e-01
-9.894727146700206255e-01 8.137379309897323498e-01
-9.889510525687362774e-01 8.106522154103076305e-01
-9.883621174255829978e-01 8.075865403202281412e-01
-9.877048935642527283e-01 8.045415677922480580e-01
-9.869783653084384101e-01 8.015179598991214460e-01
-9.861815169818315407e-01 7.985163787136015934e-01
-9.853135039264730999e-01 7.955374164257772440e-01
-9.843748719152255466e-01 7.925810970585495108e-01
-9.833668431034897628e-01 7.896471682468442221e-01
-9.822906441580996351e-01 7.867353757820931826e-01
-9.811475017458912706e-01 7.838454654557297507e-01
-9.799386425336990003e-01 7.809771830591856201e-01
-9.786652931883578210e-01 7.781302743838931502e-01
-9.773286803767027298e-01 7.753044852212849225e-01
-9.759300307655691675e-01 7.724995613627932967e-01
-9.744705710217912431e-01 7.697152485998505211e-01
-9.729515278122047306e-01 7.669512927238891775e-01
-9.713741278036436277e-01 7.642074395263411812e-01
-9.697395976629439307e-01 7.614834347986396690e-01
-9.680491640569400813e-01 7.587790243322166672e-01
-9.663040536524671875e-01 7.560939539185042024e-01
-9.645054931163599132e-01 7.534279693489349672e-01
-9.626547091154539215e-01 7.507808164149416541e-01
-9.607529283165833212e-01 7.481522409079560676e-01
-9.588013773865836642e-01 7.455419886194109003e-01
-9.568012829922896145e-01 7.429498053407384006e-01
-9.547538718005363911e-01 7.403754368633711502e-01
-9.526603704781586579e-01 7.378186289787412866e-01
-9.505220056919918559e-01 7.352791274782815023e-01
-9.483400041088705379e-01 7.327566781534239349e-01
-9.461155923956298119e-01 7.302510267956008327e-01
-9.438499972191044529e-01 7.277619191962448886e-01
-9.415444452461297908e-01 7.252891011467884619e-01
-9.392001631435404896e-01 7.228323184386636902e-01
-9.368183775781714351e-01 7.203913168633029329e-01
-9.344003152168580684e-01 7.179658422121387717e-01
-9.319472027264348313e-01 7.155556402766036772e-01
-9.294602667737373869e-01 7.131604568481300088e-01
-9.269407340255997330e-01 7.107800377181497931e-01
-9.243898311488575326e-01 7.084141286780958335e-01
-9.218087848103456716e-01 7.060624755194003788e-01
-9.191988216768988140e-01 7.037248240334954552e-01
-9.165611684153519567e-01 7.014009200118137555e-01
-9.138970516925405407e-01 6.990905092457876391e-01
-9.112076981752991189e-01 6.967933375268497986e-01
-9.084943345304627993e-01 6.945091506464321496e-01
-9.057581874248664677e-01 6.922376943959670514e-01
-9.030004835253452322e-01 6.899787145668874189e-01
-9.002224494987337566e-01 6.877319569506249453e-01
-8.974253120118673710e-01 6.854971673386124342e-01
-8.946102977315806282e-01 6.832740915222822453e-01
-8.917786333247089692e-01 6.810624752930667380e-01
-8.889315454580870579e-01 6.788620644423981609e-01
-8.860702607985500023e-01 6.766726047617088735e-01
-8.831960060129327994e-01 6.744938420424315684e-01
-8.803100077680701130e-01 6.723255220759983830e-01
-8.774134927307970511e-01 6.701673906538415659e-01
-8.745076875679489437e-01 6.680191935673938097e-01
-8.715938189463598995e-01 6.658806766080871409e-01
-8.686731135328659148e-01 6.637515855673543630e-01
-8.657467979943015424e-01 6.616316662366277246e-01
-8.628160989975017792e-01 6.595206644073393631e-01
-8.598822432093010670e-01 6.574183258709218602e-01
-8.569464572965348470e-01 6.553243964188073534e-01
-8.540099679260383381e-01 6.532386218424287572e-01
-8.510740017646458710e-01 6.511607479332178761e-01
-8.481397854791929980e-01 6.490905204826074026e-01
-8.452085457365144938e-01 6.470276852820295854e-01
-8.422815092034452444e-01 6.449719881229170060e-01
-8.393599025468200248e-01 6.429231747967018018e-01
-8.364449442341166385e-01 6.408809938811838025e-01
-8.335372925291050228e-01 6.388453843267898336e-01
-8.306366956865385287e-01 6.368165943300408971e-01
-8.277428185965174379e-01 6.347949004170587717e-01
-8.248553261491430311e-01 6.327805791139656799e-01
-8.219738832345159230e-01 6.307739069468832893e-01
-8.190981547427370613e-01 6.287751604419340445e-01
-8.162278055639073937e-01 6.267846161252400572e-01
-8.133625005881273129e-01 6.248025505229234389e-01
-8.105019047054984327e-01 6.228292401611061901e-01
-8.076456828061211457e-01 6.208649615659103116e-01
-8.047934997800960666e-01 6.189099912634580258e-01
-8.019450205175246982e-01 6.169646057798714445e-01
-7.990999099085068780e-01 6.150290816412722350e-01
-7.962578328431444419e-01 6.131036953737829531e-01
-7.934184542115377825e-01 6.111887235035254884e-01
-7.905814389037879586e-01 6.092844425566222855e-01
-7.877464518099956958e-01 6.073911290591949008e-01
-7.849131578202618309e-01 6.055090595373655571e-01
-7.820812218246872005e-01 6.036385105172566989e-01
-7.792503087133726414e-01 6.017797585249899939e-01
-7.764200833764191012e-01 5.999330800866876645e-01
-7.735902107039275277e-01 5.980987517284719335e-01
-7.707603555859983135e-01 5.962770499764644683e-01
-7.679301829127326284e-01 5.944682513567878246e-01
-7.650993575742315311e-01 5.926726323955640030e-01
-7.622675444605954143e-01 5.908904696189148931e-01
-7.594344084619253366e-01 5.891220395529626064e-01
-7.565996144683222457e-01 5.873676187238292545e-01
-7.537628273698867565e-01 5.856274836576371712e-01
-7.509237120567201496e-01 5.839019108805083569e-01
-7.480819334189230396e-01 5.821911769185645902e-01
-7.452371563465959303e-01 5.804955582979282047e-01
-7.423890457298398804e-01 5.788153315447210900e-01
-7.395372664587559486e-01 5.771507731850655798e-01
-7.366814834234448606e-01 5.755021597450836746e-01
-7.338213615140076751e-01 5.738697677508974859e-01
-7.309565656205446738e-01 5.722538737286289035e-01
-7.280867606331573594e-01 5.706547542044003718e-01
-7.252116114419462356e-01 5.690726857043337805e-01
-7.223307829370120281e-01 5.675079447545510192e-01
-7.194439400084559066e-01 5.659608078811744214e-01
-7.165507475463783749e-01 5.644315516103260988e-01
-7.136508704408808246e-01 5.629204524681279409e-01
-7.107439735820633153e-01 5.614277869807021704e-01
-7.078297218600273499e-01 5.599538316741708988e-01
-7.049077801648736541e-01 5.584988630746561267e-01
-7.019778133867029535e-01 5.570631577082800767e-01
-6.990394864156159738e-01 5.556469921011646385e-01
-6.960924641417138847e-01 5.542506427794320345e-01
-6.931364114550971900e-01 5.528743862692041544e-01
-6.901709932458670593e-01 5.515184990966033318e-01
-6.871958744041241074e-01 5.501832577877515673e-01
-6.842107198199693929e-01 5.488689388687709725e-01
-6.812151943835035306e-01 5.475758188657835479e-01
-6.782089629848274681e-01 5.463041743049114052e-01
-6.751916905140421532e-01 5.450542817122766559e-01
-6.721630418612482005e-01 5.438264176140013006e-01
-6.691226819165467798e-01 5.426208585362077841e-01
-6.660703338580887811e-01 5.414378215422719354e-01
-6.630060843300579210e-01 5.402771529045048426e-01
-6.599301598265436830e-01 5.391385562268763421e-01
-6.568427871342625846e-01 5.380217348148323975e-01
-6.537441930399308099e-01 5.369263919738198609e-01
-6.506346043302640991e-01 5.358522310092846963e-01
-6.475142477919788586e-01 5.347989552266735336e-01
-6.443833502117908285e-01 5.337662679314326697e-01
-6.412421383764159710e-01 5.327538724290084016e-01
-6.380908390725705814e-01 5.317614720248470261e-01
-6.349296790869703999e-01 5.307887700243948403e-01
-6.317588852063322769e-01 5.298354697330988072e-01
-6.285786842173713973e-01 5.289012744564045576e-01
-6.253893029068042786e-01 5.279858874997587215e-01
-6.221909680613466609e-01 5.270890121686078178e-01
-6.189839064677148395e-01 5.262103517683980325e-01
-6.157683449126248876e-01 5.253496096045757735e-01
-6.125445101827925454e-01 5.245064889825873378e-01
-6.093126290649342192e-01 5.236806932078792443e-01
-6.060729283457658711e-01 5.228719255858977899e-01
-6.028256348120035746e-01 5.220798894220893827e-01
-5.995709752503632917e-01 5.213042880219002084e-01
-5.963091764475609846e-01 5.205448246907767862e-01
-5.930404651903129487e-01 5.198012027341653019e-01
-5.897650682653349241e-01 5.190731254575123854e-01
-5.864832124593433171e-01 5.183602961662643338e-01
-5.831951245590540900e-01 5.176624181658673329e-01
-5.799010313511832049e-01 5.169791947617679018e-01
-5.766011596224468461e-01 5.163103292594123372e-01
-5.732957361595607537e-01 5.156555249642471583e-01
-5.699849877492412231e-01 5.150144851817184399e-01
-5.666691411782044385e-01 5.143869132172729230e-01
-5.633484232331662511e-01 5.137725123763565716e-01
-5.600230607008427341e-01 5.131709859644159044e-01
-5.566932803679498498e-01 5.125820372868974406e-01
-5.533593090212037824e-01 5.120053696492473660e-01
-5.500213734473206051e-01 5.114406863569120887e-01
-5.466797004330162801e-01 5.108876907153380165e-01
-5.433345167650073249e-01 5.103460860299714463e-01
-5.399860492300090353e-01 5.098155756062587862e-01
-5.366345246147379289e-01 5.092958627496463331e-01
-5.332801697059098567e-01 5.087866507655806059e-01
-5.299232112902406699e-01 5.082876429595075685e-01
-5.265638761544472191e-01 5.077985426368741839e-01
-5.232023910852448001e-01 5.073190531031264161e-01
-5.198389828693499304e-01 5.068488776637107840e-01
-5.164738782934781280e-01 5.063877196240735845e-01
-5.131073041443461324e-01 5.059352822896612256e-01
-5.097394872086694617e-01 5.054912689659200042e-01
-5.063706542731640781e-01 5.050553829582961063e-01
-5.030010321245468319e-01 5.046273275722362728e-01
-4.996308475495326862e-01 5.042068061131865786e-01
-4.962603273348388244e-01 5.037935218865938758e-01
-4.928896982671802651e-01 5.033871781979039062e-01
-4.895191871332739142e-01 5.029874783525632997e-01
-4.861490207198351232e-01 5.025941256560183534e-01
-4.827794258135801875e-01 5.022068234137154752e-01
-4.794106292012256243e-01 5.018252749311010730e-01
-4.760428573517980211e-01 5.014491838076380326e-01
-4.726762706461926644e-01 5.010783148064070769e-01
-4.693108826288934221e-01 5.007125685854808550e-01
-4.659466870714127906e-01 5.003518641025336278e-01
-4.625836777452618787e-01 4.999961203152395450e-01
-4.592218484219532382e-01 4.996452561812732562e-01
-4.558611928729989216e-01 4.992991906583090778e-01
-4.525017048699103150e-01 4.989578427040214370e-01
-4.491433781842002482e-01 4.986211312760847614e-01
-4.457862065873794410e-01 4.982889753321732007e-01
-4.424301838509605567e-01 4.979612938299611824e-01
-4.390753037464559250e-01 4.976380057271235224e-01
-4.357215600453767657e-01 4.973190299813340931e-01
-4.323689465192354642e-01 4.970042855502675438e-01
-4.290174569395435733e-01 4.966936913915981355e-01
-4.256670850778135340e-01 4.963871664630002400e-01
-4.223178247055567325e-01 4.960846297221483403e-01
-4.189696695942856652e-01 4.957860001267169192e-01
-4.156226135155120516e-01 4.954911966343801821e-01
-4.122766502407475553e-01 4.952001382028125565e-01
-4.089317735415047839e-01 4.949127437896884141e-01
-4.055879771892948460e-01 4.946289323526821269e-01
-4.022452549556305157e-01 4.943486228494682333e-01
-3.989036006120229572e-01 4.940717342377208277e-01
-3.955630079299846114e-01 4.937981854751145594e-01
-3.922234706810275862e-01 4.935278955193238004e-01
-3.888849826366632678e-01 4.932607833280228671e-01
-3.855475375684042083e-01 4.929967678588861313e-01
-3.822111292477616273e-01 4.927357680695877984e-01
-3.788757514462482989e-01 4.924777029178026289e-01
-3.755413979353753318e-01 4.922224913612047170e-01
-3.722080624866551668e-01 4.919700523574686013e-01
-3.688757388715999674e-01 4.917203048642685981e-01
-3.655444208617211199e-01 4.914731678392791347e-01
-3.622141022285310652e-01 4.912285602401746942e-01
-3.588847767435412450e-01 4.909864010246293708e-01
-3.555564381782642669e-01 4.907466091503177585e-01
-3.522290803042112950e-01 4.905091035749141737e-01
-3.489026968928946038e-01 4.902738032560930992e-01
-3.455772817158265231e-01 4.900406271515288514e-01
-3.422528285445185503e-01 4.898094942188958578e-01
-3.389293311504829598e-01 4.895803234158685457e-01
-3.356067833052311378e-01 4.893530337001210095e-01
-3.322851787802757473e-01 4.891275440293279542e-01
-3.289645113471280635e-01 4.889037733611636960e-01
-3.256447747773003609e-01 4.886816406533024404e-01
-3.223259628423048029e-01 4.884610648634187813e-01
-3.190080693136528867e-01 4.882419649491870905e-01
-3.156910879628570532e-01 4.880242598682816846e-01
-3.123750125614285778e-01 4.878078685783769353e-01
-3.090598368808802343e-01 4.875927100371473810e-01
-3.057455546927231316e-01 4.873787032022671717e-01
-3.024321597684697105e-01 4.871657670314107902e-01
-2.991196458796320234e-01 4.869538204822527194e-01
-2.958080067977215122e-01 4.867427825124671648e-01
-2.924972362942507842e-01 4.865325720797286646e-01
-2.891873281407311147e-01 4.863231081417114798e-01
-2.858782761086750002e-01 4.861143096560902044e-01
-2.825700739695938823e-01 4.859060955805389881e-01
-2.792627140907000816e-01 4.856983843648356447e-01
-2.759561493862198733e-01 4.854910801896965555e-01
-2.726502888790205414e-01 4.852840713615394486e-01
-2.693450392968320117e-01 4.850772453566938314e-01
-2.660403073673831553e-01 4.848704896514888785e-01
-2.627359998184038981e-01 4.846636917222537644e-01
-2.594320233776231666e-01 4.844567390453179412e-01
-2.561282847727706646e-01 4.842495190970108054e-01
-2.528246907315761516e-01 4.840419193536614761e-01
-2.495211479817684985e-01 4.838338272915995164e-01
-2.462175632510775758e-01 4.836251303871539342e-01
-2.429138432672323378e-01 4.834157161166542371e-01
-2.396098947579627658e-01 4.832054719564297107e-01
-2.363056244509977033e-01 4.829942853828096405e-01
-2.330009390740669373e-01 4.827820438721232565e-01
-2.296957453549001160e-01 4.825686349007000109e-01
-2.263899500212261384e-01 4.823539459448691336e-01
-2.230834598007749581e-01 4.821378644809599656e-01
-2.197761814212755016e-01 4.819202779853019036e-01
-2.164680216104576393e-01 4.817010739342239556e-01
-2.131588870960504367e-01 4.814801398040559066e-01
-2.098486846057834587e-01 4.812573630711265982e-01
-2.065373208673864369e-01 4.810326312117655378e-01
-2.032247026085882424e-01 4.808058317023021222e-01
-1.999107365571188843e-01 4.805768520190654702e-01
-1.965953294407072616e-01 4.803455796383850895e-01
-1.932783879870832999e-01 4.801119020365902101e-01
-1.899598189239758983e-01 4.798757066900100621e-01
-1.866395289791148160e-01 4.796368810749740974e-01
-1.833174248802296735e-01 4.793953126678114351e-01
-1.799934133550494808e-01 4.791508889448517494e-01
-1.766674011313039694e-01 4.789034973824239372e-01
-1.733392949367222602e-01 4.786530254568574505e-01
-1.700090014990342790e-01 4.783993606444816304e-01
-1.666764275459688416e-01 4.781423904216258736e-01
-1.633414798052557071e-01 4.778820022646193544e-01
-1.600040650046245516e-01 4.776180836497915250e-01
-1.566640898718042185e-01 4.773505220534713933e-01
-1.533214611345248002e-01 4.770792049519886335e-01
-1.499760855205150845e-01 4.768040198216723091e-01
-1.466278697575051360e-01 4.765248541388519277e-01
-1.432767205732237148e-01 4.762415953798565527e-01
-1.399225446954006358e-01 4.759541310210158027e-01
-1.365652488517655194e-01 4.756623485386587413e-01
-1.332047397700473479e-01 4.753661354091147651e-01
-1.298409241779759915e-01 4.750653791087132150e-01
-1.264737088032804047e-01 4.747599671137833210e-01
-1.231030003736905132e-01 4.744497869006544244e-01
-1.197287056169352298e-01 4.741347259456558105e-01
-1.163507312607442584e-01 4.738146717251169315e-01
-1.129689840328473444e-01 4.734895117153670174e-01
-1.095833706609732755e-01 4.731591333927351872e-01
-1.061937978728521303e-01 4.728234242335510040e-01
-1.028001723962127245e-01 4.724822717141438089e-01
-9.940240095878503934e-02 4.721355633108426653e-01
-9.600039028829795984e-02 4.717831864999769698e-01
-9.259404711248121755e-02 4.714250287578761189e-01
-8.918327815906455791e-02 4.710609775608695093e-01
-8.576799015577671326e-02 4.706909203852861490e-01
-8.234813129269821785e-02 4.703147136656475324e-01
-7.892405613184136359e-02 4.699319095961349557e-01
-7.549634946253500067e-02 4.695418880055891586e-01
-7.206559870126516554e-02 4.691440267559647270e-01
-6.863239126451886607e-02 4.687377037092155252e-01
-6.519731456878298526e-02 4.683222967272957504e-01
-6.176095603054369831e-02 4.678971836721596556e-01
-5.832390306628819354e-02 4.674617424057613824e-01
-5.488674309250256289e-02 4.670153507900548506e-01
-5.145006352567409874e-02 4.665573866869944797e-01
-4.801445178228884447e-02 4.660872279585345224e-01
-4.458049527883375940e-02 4.656042524666287319e-01
-4.114878143179581671e-02 4.651078380732315831e-01
-3.771989765766112918e-02 4.645973626402971624e-01
-3.429443137291691285e-02 4.640722040297796669e-01
-3.087296999404924233e-02 4.635317401036330165e-01
-2.745610093754539266e-02 4.629753487238117970e-01
-2.404441161989146272e-02 4.624024077522699838e-01
-2.063848945757437367e-02 4.618122950509614411e-01
-1.723892186708112992e-02 4.612043884818406436e-01
-1.384629626489777832e-02 4.605780659068616223e-01
-1.046120006751158696e-02 4.599327051879787409e-01
-7.084220691408627847e-03 4.592676841871458637e-01
-3.715945553076175582e-03 4.585823807663174656e-01
-3.569620690003104044e-04 4.578761727874474108e-01
2.992142344332042198e-03 4.571484381124899521e-01
6.330780270433872606e-03 4.563985546033992868e-01
9.658364292819136138e-03 4.556259001221296678e-01
1.297430699500055733e-02 4.548298525306350149e-01
1.627802096049204422e-02 4.540097896908695807e-01
1.956891877280636516e-02 4.531650894647876737e-01
2.284641301545744033e-02 4.522951297143432137e-01
2.610991627195829307e-02 4.513992883014905644e-01
2.935884112582195712e-02 4.504769430881837566e-01
3.259260016056238912e-02 4.495274719363770433e-01
3.581060595969225852e-02 4.485502527080244550e-01
3.901227110672554621e-02 4.475446632650801893e-01
4.219700818517500146e-02 4.465100814694986653e-01
4.536422977855451844e-02 4.454458851832336364e-01
4.851334847037712394e-02 4.443514522682394108e-01
5.164377684415588643e-02 4.432261605864702414e-01
5.475492748340470700e-02 4.420693879998801590e-01
5.784621297163634185e-02 4.408805123704235829e-01
6.091704589236467821e-02 4.396589115600542663e-01
6.396683882910250696e-02 4.384039634307265731e-01
6.699500436536370840e-02 4.371150458443948117e-01
7.000095508466133709e-02 4.357915366630127907e-01
7.298410357050845454e-02 4.344328137485350960e-01
7.594386240641891328e-02 4.330382549629153699e-01
7.887964417590555277e-02 4.316072381681083647e-01
8.179086146248218392e-02 4.301391412260677227e-01
8.467692684966166006e-02 4.286333419987479743e-01
8.753725292095779209e-02 4.270892183481029836e-01
9.037125225988368316e-02 4.255061481360870035e-01
9.317833744995238088e-02 4.238835092246543423e-01
9.595792107467779330e-02 4.222206794757589754e-01
9.870941571757266275e-02 4.205170367513552665e-01
1.014322339621508695e-01 4.187719589133971354e-01
1.041257980125397525e-01 4.169848361232695311e-01
1.067899597750071178e-01 4.151556078930892513e-01
1.094251639025689976e-01 4.132849715293404613e-01
1.120318983391970780e-01 4.113736796836313103e-01
1.146106510288636415e-01 4.094224850075691147e-01
1.171619099155400828e-01 4.074321401527621345e-01
1.196861629431987678e-01 4.054033977708177972e-01
1.221838980558112853e-01 4.033370105133441963e-01
1.246556031973492518e-01 4.012337310319490924e-01
1.271017663117850749e-01 3.990943119782404680e-01
1.295228753430901214e-01 3.969195060038261946e-01
1.319194182352367017e-01 3.947100657603137552e-01
1.342918829321961827e-01 3.924667438993114654e-01
1.366407573779409856e-01 3.901902930724266971e-01
1.389665295164426995e-01 3.878814659312674884e-01
1.412696872916729407e-01 3.855410151274419883e-01
1.435507186476040198e-01 3.831696933125575688e-01
1.458101115282074145e-01 3.807682531382224345e-01
1.480483538774553798e-01 3.783374472560441237e-01
1.502659336393193379e-01 3.758780283176308412e-01
1.524633387577715993e-01 3.733907489745899588e-01
1.546410571767838638e-01 3.708763618785295701e-01
1.567995768403276924e-01 3.683356196810576022e-01
1.589393856923754511e-01 3.657692750337817600e-01
1.610609716768985344e-01 3.631780805883101371e-01
1.631648227378692806e-01 3.605627889962501609e-01
1.652514268192591118e-01 3.579241529092101470e-01
1.673212718650402275e-01 3.552629249787973564e-01
1.693748458191843276e-01 3.525798578566198827e-01
1.714126366256631673e-01 3.498757041942860413e-01
1.734351322284489183e-01 3.471512166434029267e-01
1.754428205715131694e-01 3.444071478555791321e-01
1.774361895988279814e-01 3.416442504824216964e-01
1.794157272543649706e-01 3.388632771755390460e-01
1.813819214820963921e-01 3.360649805865388307e-01
1.833352602259937791e-01 3.332501133670286997e-01
1.852762314300289703e-01 3.304194281686169687e-01
1.872053230381741651e-01 3.275736776429110653e-01
1.891230229944008134e-01 3.247136144415191383e-01
1.910298192426811703e-01 3.218399912160486709e-01
1.929261997269866857e-01 3.189535606181078675e-01
1.948126523912896702e-01 3.160550752993042112e-01
1.966896651795618234e-01 3.131452879112457399e-01
1.985577260357746787e-01 3.102249511055405473e-01
2.004173229039006576e-01 3.072948175337959498e-01
2.022689437279111269e-01 3.043556398476203739e-01
2.041130764517783691e-01 3.014081706986210252e-01
2.059502090194738899e-01 2.984531627384063857e-01
2.077808293749698332e-01 2.954913686185836053e-01
2.096054254622380097e-01 2.925235409907609996e-01
2.114244852252499529e-01 2.895504325065464957e-01
2.132384966079780564e-01 2.865727958175475765e-01
2.150479475543937424e-01 2.835913835753725021e-01
2.168533260084691827e-01 2.806069484316285334e-01
2.186551199141760493e-01 2.776202430379242636e-01
2.204538172154862641e-01 2.746320200458666760e-01
2.222499058563718599e-01 2.716430321070642528e-01
2.240438737808043701e-01 2.686540318731248100e-01
2.258362089331185651e-01 2.656657719753305891e-01
2.276274001596775565e-01 2.626789544863579740e-01
2.294179391523357425e-01 2.596941219894788877e-01
2.312083181626492234e-01 2.567117856967123246e-01
2.329990294421749875e-01 2.537324568200763353e-01
2.347905652424692735e-01 2.507566465715894144e-01
2.365834178150885703e-01 2.477848661632703897e-01
2.383780794115895052e-01 2.448176268071368400e-01
2.401750422835285670e-01 2.418554397152080371e-01
2.419747986824624109e-01 2.388988160995016985e-01
2.437778408599473035e-01 2.359482671720368741e-01
2.455846610675400665e-01 2.330043041448313368e-01
2.473957515567970222e-01 2.300674382299038034e-01
2.492116045792747425e-01 2.271381806392731295e-01
2.510327123865298549e-01 2.242170425849568938e-01
2.528595672301185426e-01 2.213045352789742293e-01
2.546926613615978496e-01 2.184011699333429646e-01
2.565324870325238482e-01 2.155074577600820107e-01
2.583795364944533879e-01 2.126239099712094738e-01
2.602343019989428186e-01 2.097510377787437097e-01
2.620972757975484901e-01 2.068893523947035185e-01
2.639689501418274187e-01 2.040393650311068952e-01
2.658498172833356210e-01 2.012015868999726953e-01
2.677403694736301132e-01 1.983765292133188030e-01
2.696410989642669120e-01 1.955647031831641847e-01
2.715524980068028671e-01 1.927666200215266690e-01
2.734750588527944948e-01 1.899827909404249726e-01
2.754092737537980340e-01 1.872137271518778401e-01
2.773556349613705008e-01 1.844599398679030722e-01
2.793146347270678564e-01 1.817219403005195799e-01
2.812867653024471171e-01 1.790002396617454139e-01
2.832725189390644660e-01 1.762953491635993186e-01
2.852723878884766417e-01 1.736077800180993169e-01
2.872868644022402163e-01 1.709380434372640423e-01
2.893164407319112619e-01 1.682866506331121004e-01
2.913616091290469612e-01 1.656541128176615696e-01
2.934228618452032755e-01 1.630409412029311667e-01
2.955006911319369989e-01 1.604476470009389144e-01
2.975955892408047032e-01 1.578747414237037794e-01
2.997080484233628495e-01 1.553227356832435624e-01
3.018385609311679540e-01 1.527921409915769524e-01
3.039876190157763114e-01 1.502834685607226661e-01
3.061557149287448820e-01 1.477972296026985322e-01
3.083433409216298493e-01 1.453339353295236280e-01
3.105509892459880072e-01 1.428940969532156713e-01
3.127791521533754837e-01 1.404782256857936562e-01
3.150283218953492947e-01 1.380868327392755501e-01
3.172989907234657903e-01 1.357204293256799588e-01
3.195916508892812091e-01 1.333795266570255711e-01
3.219067946443525119e-01 1.310646359453303267e-01
3.242449142402357154e-01 1.287762684026130255e-01
3.266065019284878912e-01 1.265149352408917183e-01
3.289920499606651116e-01 1.242811476721852187e-01
3.314020505883243373e-01 1.220754169085115498e-01
3.338369960630217514e-01 1.198982541618892755e-01
3.362973786363139816e-01 1.177501706443370849e-01
3.387836905597576553e-01 1.156316775678730008e-01
3.412964240849089004e-01 1.135432861445156427e-01
3.438360714633248993e-01 1.114855075862833250e-01
3.464030965225372016e-01 1.094588312527082358e-01
3.489974681799750678e-01 1.074633660147532033e-01
3.516187353052332432e-01 1.054988978091801338e-01
3.542664334426982586e-01 1.035652023282855883e-01
3.569400981367569226e-01 1.016620552643655029e-01
3.596392649317958212e-01 9.978923230971664671e-02
3.623634693722020961e-01 9.794650915663498381e-02
3.651122470023617783e-01 9.613366149741725541e-02
3.678851333666622869e-01 9.435046502435948113e-02
3.706816640094899862e-01 9.259669542975815237e-02
3.735013744752315179e-01 9.087212840590985774e-02
3.763438003082737460e-01 8.917653964511056131e-02
3.792084770530033677e-01 8.750970483965699043e-02
3.820949402538069140e-01 8.587139968184512306e-02
3.850027254550710820e-01 8.426139986397171433e-02
3.879313682011831244e-01 8.267948107833276994e-02
3.908804040365292942e-01 8.112541901722479520e-02
3.938493685054960114e-01 7.959898937294432320e-02
3.968377971524708059e-01 7.809996783778738738e-02
3.998452255218395424e-01 7.662813010405067349e-02
4.028711891579896398e-01 7.518325186403024274e-02
4.059152236053071294e-01 7.376510881002268372e-02
4.089768644081794302e-01 7.237347663432416867e-02
4.120556471109927954e-01 7.100813102923111964e-02
4.151511072581338668e-01 6.966884768704006969e-02
4.182627803939896749e-01 6.835540230004708007e-02
4.213902020629465839e-01 6.706757056054880872e-02
4.245329078093917907e-01 6.580512816084133076e-02
4.276904331777114932e-01 6.456785079322127641e-02
4.308623137122927771e-01 6.335551414998474851e-02
4.340480849575223399e-01 6.216789392342823156e-02
4.372472824577864348e-01 6.100476580584817538e-02
4.404594417574723142e-01 5.986590548954074525e-02
4.436840984009662314e-01 5.875108866680249509e-02
4.469207879326553834e-01 5.766009102992959712e-02
4.501690458969260233e-01 5.659268827121859829e-02
4.534284078381652927e-01 5.554865608296565005e-02
4.566984093007597223e-01 5.452777015746723688e-02
4.599785858290956764e-01 5.352980618701977389e-02
4.632684729675604074e-01 5.255453986391946108e-02
4.665676062605402241e-01 5.160174688046285235e-02
4.698755212524222680e-01 5.067120292894609912e-02
4.731917534875926257e-01 4.976268370166572752e-02
4.765158385104386607e-01 4.887596489091796531e-02
4.798473118653469038e-01 4.801082218899922760e-02
4.831857090967035528e-01 4.716703128820595725e-02
4.865305657488960267e-01 4.634436788083436815e-02
4.898814173663103566e-01 4.554260765918094478e-02
4.932377994933340726e-01 4.476152631554192185e-02
4.965992476743529838e-01 4.400089954221379079e-02
4.999652974537547312e-01 4.326050303149277937e-02
5.033354843759253461e-01 4.254011247567532350e-02
5.067093439852515813e-01 4.183950356705782442e-02
5.100864118261205782e-01 4.115845199793651682e-02
5.134662234429185901e-01 4.049673346060789908e-02
5.168483143800325363e-01 3.985412364736819202e-02
5.202322201818493363e-01 3.923039825051383850e-02
5.236174763927551323e-01 3.862533296234122587e-02
5.270036185571372878e-01 3.803870347514661659e-02
5.303901822193817228e-01 3.747028548122646741e-02
5.337767029238762451e-01 3.691985467287706157e-02
5.371627162150063306e-01 3.638718674239481421e-02
5.405477576371598980e-01 3.587205738207602246e-02
5.439313627347227564e-01 3.537424228421707367e-02
5.473130670520818253e-01 3.489351714111437602e-02
5.506924061336242460e-01 3.442965764506421972e-02
5.540689155237359387e-01 3.398243948836301292e-02
5.574421307668044889e-01 3.355163836330705973e-02
5.608115874072157059e-01 3.313702996219278218e-02
5.641768209893572861e-01 3.273838997731648437e-02
5.675373670576153717e-01 3.235549410097453976e-02
5.708927611563765492e-01 3.198811802546335653e-02
5.742425388300279598e-01 3.163603744307921795e-02
5.775862356229558570e-01 3.129902804611854605e-02
5.809233870795472710e-01 3.097686552687764494e-02
5.842535287441886771e-01 3.066932557765292625e-02
5.875761961612671058e-01 3.037618389074070446e-02
5.908909248751691434e-01 3.009721615843734960e-02
5.941972504302813762e-01 2.983219807303925941e-02
5.974947083709905016e-01 2.958090532684273105e-02
6.007828342416832168e-01 2.934311361214417962e-02
6.040611635867466633e-01 2.911859862123991616e-02
6.073292319505667614e-01 2.890713604642633841e-02
6.105865748775310964e-01 2.870850157999977476e-02
6.138327279120259217e-01 2.852247091425659520e-02
6.170672265984376015e-01 2.834881974149317321e-02
6.202896064811536103e-01 2.818732375400584758e-02
6.234994031045599794e-01 2.803775864409099872e-02
