-5.582236329179400824e-01 1.441725843521400208e+00
-5.627473141610596086e-01 1.436921660759645336e+00
-5.672938364922396337e-01 1.432124785434300662e+00
-5.718622537606751211e-01 1.427334823705771472e+00
-5.764516198155607007e-01 1.422551381734462606e+00
-5.810609885060911139e-01 1.417774065680778683e+00
-5.856894136814612128e-01 1.413002481705123881e+00
-5.903359491908657386e-01 1.408236235967903038e+00
-5.949996488834997654e-01 1.403474934629521220e+00
-5.996795666085577015e-01 1.398718183850382824e+00
-6.043747562152345099e-01 1.393965589790892690e+00
-6.090842715527251539e-01 1.389216758611455216e+00
-6.138071664702240415e-01 1.384471296472475244e+00
-6.185424948169262471e-01 1.379728809534357392e+00
-6.232893104420264008e-01 1.374988903957506725e+00
-6.280466671947195767e-01 1.370251185902327418e+00
-6.328136189242000720e-01 1.365515261529224089e+00
-6.375892194796632939e-01 1.360780736998602247e+00
-6.423725227103035396e-01 1.356047218470865401e+00
-6.471625824653156611e-01 1.351314312106418836e+00
-6.519584525938947328e-01 1.346581624065667171e+00
-6.567591869452353848e-01 1.341848760509015692e+00
-6.615638393685322471e-01 1.337115327596867909e+00
-6.663714637129801721e-01 1.332380931489629328e+00
-6.711811138277742339e-01 1.327645178347704347e+00
-6.759918435621088406e-01 1.322907674331497585e+00
-6.808027067651791775e-01 1.318168025601413884e+00
-6.856127572861795416e-01 1.313425838317857641e+00
-6.904210489743052293e-01 1.308680718641234142e+00
-6.952266356787505375e-01 1.303932272731947339e+00
-7.000285712487108736e-01 1.299180106750402741e+00
-7.048259095333805346e-01 1.294423826857003856e+00
-7.096177043819542618e-01 1.289663039212156415e+00
-7.144030096436272403e-01 1.284897349976264813e+00
-7.191808791675937673e-01 1.280126365309733227e+00
-7.239503668030492500e-01 1.275349691372966943e+00
-7.287105263991879855e-01 1.270566934326370800e+00
-7.334604118052050481e-01 1.265777700330348754e+00
-7.381990768702950678e-01 1.260981595545305645e+00
-7.429255754436527859e-01 1.256178226131646536e+00
-7.476389613744731655e-01 1.251367198249776491e+00
-7.523382885119507257e-01 1.246548118060098576e+00
-7.570226107052807629e-01 1.241720591723018963e+00
-7.616909818036574631e-01 1.236884225398942050e+00
-7.663424556562760115e-01 1.232038625248272234e+00
-7.709760861123309272e-01 1.227183397431414136e+00
-7.755909270210173956e-01 1.222318148108772817e+00
-7.801860322315297136e-01 1.217442483440752454e+00
-7.847604555930631776e-01 1.212556009587758332e+00
-7.893132509548123066e-01 1.207658332710194626e+00
-7.938434721659716198e-01 1.202749058968465956e+00
-7.983501730757366355e-01 1.197827794522977607e+00
-8.028324075333013177e-01 1.192894145534133532e+00
-8.072892293878611847e-01 1.187947718162339239e+00
-8.117196924886103115e-01 1.182988118567998459e+00
-8.161228506847442166e-01 1.178014952911516477e+00
-8.204977578254570858e-01 1.173027827353297914e+00
-8.248434677599443265e-01 1.168026348053747610e+00
-8.291590343373999028e-01 1.163010121173269518e+00
-8.334435158052857506e-01 1.157978743917934983e+00
-8.376962416338434858e-01 1.152931261317319933e+00
-8.419169659565430841e-01 1.147865853838470063e+00
-8.461054799404417182e-01 1.142780626552569512e+00
-8.502615747525948953e-01 1.137673684530801310e+00
-8.543850415600595660e-01 1.132543132844348488e+00
-8.584756715298919039e-01 1.127387076564393853e+00
-8.625332558291480822e-01 1.122203620762121101e+00
-8.665575856248849407e-01 1.116990870508713707e+00
-8.705484520841587637e-01 1.111746930875354256e+00
-8.745056463740255026e-01 1.106469906933225777e+00
-8.784289596615419971e-01 1.101157903753512191e+00
-8.823181831137641984e-01 1.095809026407395859e+00
-8.861731078977489462e-01 1.090421379966060478e+00
-8.899935251805523029e-01 1.084993069500689522e+00
-8.937792261292308860e-01 1.079522200082465799e+00
-8.975300019108408689e-01 1.074006876782572117e+00
-9.012456436924387582e-01 1.068445204672192173e+00
-9.049259426410808382e-01 1.062835288822509217e+00
-9.085706899238233936e-01 1.057175234304706279e+00
-9.121796767077231527e-01 1.051463146189966169e+00
-9.157526941598359560e-01 1.045697129549472582e+00
-9.192895334472187541e-01 1.039875289454408769e+00
-9.227899857369278314e-01 1.033995730975957539e+00
-9.262538421960192503e-01 1.028056559185302143e+00
-9.296808939915496284e-01 1.022055879153626057e+00
-9.330709322905750280e-01 1.015991795952111865e+00
-9.364237482601520668e-01 1.009862414651943263e+00
-9.397391330673374732e-01 1.003665840324303504e+00
-9.430168771152839247e-01 9.974001787335600167e-01
-9.462550902838666733e-01 9.910650605916190292e-01
-9.494466371164365093e-01 9.846648763558392137e-01
-9.525833616175812812e-01 9.782049425451773139e-01
-9.556571077918887269e-01 9.716905756785905179e-01
-9.586597196439480273e-01 9.651270922750362358e-01
-9.615830411783461429e-01 9.585198088534711003e-01
-9.644189163996720326e-01 9.518740419328522995e-01
-9.671591893125135453e-01 9.451951080321371323e-01
-9.697957039214587516e-01 9.384883236702827869e-01
-9.723203042310959443e-01 9.317590053662458960e-01
-9.747248342460129722e-01 9.250124696389838697e-01
-9.770011379707985721e-01 9.182540330074538959e-01
-9.791410594100403708e-01 9.114890119906132737e-01
-9.811364425683267720e-01 9.047227231074183029e-01
-9.829791314502458466e-01 8.979604828768268376e-01
-9.846609700603857762e-01 8.912076078177959548e-01
-9.861738024033345207e-01 8.844694144492821763e-01
-9.875094724836808169e-01 8.777512192902432453e-01
-9.886598243060119584e-01 8.710583388596357945e-01
-9.896167018749167932e-01 8.643960896764172341e-01
-9.903719491949831699e-01 8.577697882595445300e-01
-9.909174102707988263e-01 8.511847511279747591e-01
-9.912449291069527213e-01 8.446462948006651095e-01
-9.913463497080323705e-01 8.381597357965724360e-01
-9.912135160786261778e-01 8.317303906346541487e-01
-9.908382722233227691e-01 8.253635758338675465e-01
-9.902124621467094379e-01 8.190646079131690405e-01
-9.893279298533745880e-01 8.128388033915161515e-01
-9.881765193479068454e-01 8.066914787878661786e-01
-9.867500746348936147e-01 8.006279506211758656e-01
-9.850408960702020655e-01 7.946533489330770417e-01
-9.830502864181951406e-01 7.887691251405520854e-01
-9.807877917837225512e-01 7.829733622114060099e-01
-9.782632624399507648e-01 7.772640188221426882e-01
-9.754865486600445834e-01 7.716390536492658825e-01
-9.724675007171701413e-01 7.660964253692796877e-01
-9.692159688844927956e-01 7.606340926586879769e-01
-9.657418034351777925e-01 7.552500141939946232e-01
-9.620548546423909331e-01 7.499421486517034996e-01
-9.581649727792975746e-01 7.447084547083184791e-01
-9.540820081190638513e-01 7.395468910403436569e-01
-9.498158109348548983e-01 7.344554163242832390e-01
-9.453762314998361838e-01 7.294319892366405433e-01
-9.407731200871733979e-01 7.244745684539198871e-01
-9.360163269700321198e-01 7.195811126526249213e-01
-9.311157024215775957e-01 7.147495805092597410e-01
-9.260810967149758488e-01 7.099779307003282192e-01
-9.209223601233922363e-01 7.052641219023343400e-01
-9.156493429199921152e-01 7.006061127917819764e-01
-9.102718953779411759e-01 6.960018620451747795e-01
-9.047998677704052195e-01 6.914493283390173994e-01
-8.992431103705493811e-01 6.869464703498130431e-01
-8.936114734515394620e-01 6.824912467540660277e-01
-8.879148072865410413e-01 6.780816162282800041e-01
-8.821629621487194761e-01 6.737155374489590676e-01
-8.763657883112402347e-01 6.693909690926069800e-01
-8.705331360472693403e-01 6.651058698357278365e-01
-8.646748556299720390e-01 6.608581983548255101e-01
-8.588007973325135769e-01 6.566459133264039849e-01
-8.529208114280601993e-01 6.524669734269671340e-01
-8.470447481897769304e-01 6.483193373330187192e-01
-8.411824578908295713e-01 6.442009637210627249e-01
-8.353437036994940668e-01 6.401098408682402985e-01
-8.295334921561638986e-01 6.360455734846746090e-01
-8.237497151068998713e-01 6.320101840493067558e-01
-8.179896815813800792e-01 6.280058930981148313e-01
-8.122507006092833937e-01 6.240349211670770391e-01
-8.065300812202886860e-01 6.200994887921709164e-01
-8.008251324440740504e-01 6.162018165093742228e-01
-7.951331633103185803e-01 6.123441248546652727e-01
-7.894514828487004809e-01 6.085286343640217144e-01
-7.837774000888986237e-01 6.047575655734215294e-01
-7.781082240605916578e-01 6.010331390188428102e-01
-7.724412637934578996e-01 5.973575752362632052e-01
-7.667738283171764424e-01 5.937330947616608068e-01
-7.611032266614253805e-01 5.901619181310133744e-01
-7.554267678558835852e-01 5.866462658802988894e-01
-7.497417609302299280e-01 5.831883585454953334e-01
-7.440455149141427249e-01 5.797904166625806877e-01
-7.383353388373005144e-01 5.764546607675327117e-01
-7.326085417293819457e-01 5.731833113963291648e-01
-7.268624326200657793e-01 5.699785890849483616e-01
-7.210943205390306643e-01 5.668427143693679504e-01
-7.153015145159549171e-01 5.637779077855656906e-01
-7.094813235805175200e-01 5.607863898695200078e-01
-7.036310567623971224e-01 5.578703811572084392e-01
-6.977480230912718184e-01 5.550321021846088554e-01
-6.918295315968205905e-01 5.522737734876992377e-01
-6.858728913087220880e-01 5.495976156024576786e-01
-6.798754112566549601e-01 5.470058490648619376e-01
-6.738344004702974122e-01 5.445006944108898850e-01
-6.677471706346240765e-01 5.420843694677111024e-01
-6.616121733363188318e-01 5.397579291880256758e-01
-6.554307715651302990e-01 5.375194584471432169e-01
-6.492047864439909333e-01 5.353665747543040476e-01
-6.429360390958330784e-01 5.332968956187477128e-01
-6.366263506435891895e-01 5.313080385497146452e-01
-6.302775422101913882e-01 5.293976210564441676e-01
-6.238914349185720187e-01 5.275632606481763798e-01
-6.174698498916632028e-01 5.258025748341509376e-01
-6.110146082523973954e-01 5.241131811236081628e-01
-6.045275311237072735e-01 5.224926970257877112e-01
-5.980104396285245150e-01 5.209387400499293497e-01
-5.914651548897816857e-01 5.194489277052729559e-01
-5.848934980304112408e-01 5.180208775010587408e-01
-5.782972901733451909e-01 5.166522069465262490e-01
-5.716783524415157691e-01 5.153405335509154694e-01
-5.650385059578557634e-01 5.140834748234663909e-01
-5.583795718452970736e-01 5.128786482734187802e-01
-5.517033712267720436e-01 5.117236714100126260e-01
-5.450117252252129063e-01 5.106161617424875843e-01
-5.383064549635522278e-01 5.095537367800835327e-01
-5.315893815647223519e-01 5.085340140320409041e-01
-5.248623261516551786e-01 5.075546110075989104e-01
-5.181271098472830516e-01 5.066131452159978732e-01
-5.113855537745387592e-01 5.057072341664773374e-01
-5.046394790563542010e-01 5.048344953682774028e-01
-4.978907068156616100e-01 5.039925463306380582e-01
-4.911410581753932747e-01 5.031790045627988484e-01
-4.843923542584820940e-01 5.023914875739998731e-01
-4.776464161878598014e-01 5.016276128734811213e-01
-4.709048647690154965e-01 5.008851833614017535e-01
-4.641681061773432759e-01 5.001631260606459461e-01
-4.574360912023984760e-01 4.994607894471586040e-01
-4.507087698287184363e-01 4.987775227419158353e-01
-4.439860920408407741e-01 4.981126751658939145e-01
-4.372680078233036061e-01 4.974655959400692828e-01
-4.305544671606448270e-01 4.968356342854181040e-01
-4.238454200374018876e-01 4.962221394229165972e-01
-4.171408164381125161e-01 4.956244605735410924e-01
-4.104406063473146071e-01 4.950419469582680865e-01
-4.037447397495463330e-01 4.944739477980737430e-01
-3.970531666293450890e-01 4.939198123139343921e-01
-3.903658369712484921e-01 4.933788897268263640e-01
-3.836827007597943817e-01 4.928505292577256558e-01
-3.770037079795208745e-01 4.923340801276087086e-01
-3.703288086149656433e-01 4.918288915574520193e-01
-3.636579526506660831e-01 4.913343127682316958e-01
-3.569910900711603108e-01 4.908496929809240683e-01
-3.503281708609862766e-01 4.903743814165054671e-01
-3.436691450046816532e-01 4.899077272959521667e-01
-3.370139624867835582e-01 4.894490798402402754e-01
-3.303625732918303304e-01 4.889977882703463452e-01
-3.237149274043601976e-01 4.885532018072465399e-01
-3.170709748089103330e-01 4.881146696719173006e-01
-3.104306654900183537e-01 4.876815410853346244e-01
-3.037939494322224321e-01 4.872531652684751191e-01
-2.971607766200604628e-01 4.868288914423150038e-01
-2.905310970380700075e-01 4.864080688278303866e-01
-2.839048606707885725e-01 4.859900466459977086e-01
-2.772820003145977097e-01 4.855741679013090839e-01
-2.706621015786337958e-01 4.851596500301675330e-01
-2.640444276938304080e-01 4.847455938736353609e-01
-2.574282296733251818e-01 4.843310958539343014e-01
-2.508127585302558638e-01 4.839152523932854222e-01
-2.441972652777605612e-01 4.834971599139102905e-01
-2.375810009289764380e-01 4.830759148380300294e-01
-2.309632164970409907e-01 4.826506135878662618e-01
-2.243431629950920214e-01 4.822203525856400552e-01
-2.177200914362675821e-01 4.817842282535730325e-01
-2.110932528337049752e-01 4.813413370138863723e-01
-2.044618982005415031e-01 4.808907752888014198e-01
-1.978252785499151345e-01 4.804316395005395202e-01
-1.911826448949638657e-01 4.799630260713222407e-01
-1.845332482488248882e-01 4.794840314233705381e-01
-1.778763396246356987e-01 4.789937519789060905e-01
-1.712111700355341271e-01 4.784912841601500211e-01
-1.645369904946582529e-01 4.779757243893239527e-01
-1.578530520151452676e-01 4.774461690886490084e-01
-1.511586056101325570e-01 4.769017146803465335e-01
-1.444529022927580897e-01 4.763414575866380396e-01
-1.377351930761598064e-01 4.757644942297448165e-01
-1.310047289734749820e-01 4.751699210318880984e-01
-1.242607609978410299e-01 4.745568344152892304e-01
-1.175025401623958909e-01 4.739243308021698353e-01
-1.107293174802774227e-01 4.732715066147508698e-01
-1.039403439646230665e-01 4.725974582752540121e-01
-9.713487062857009691e-02 4.719012822059004963e-01
-9.031214848525651040e-02 4.711820748289116678e-01
-8.347143510528501342e-02 4.704389276571016576e-01
-7.661350896543962785e-02 4.696697935394745227e-01
-6.974260844619944999e-02 4.688700349830604575e-01
-6.286345056826719846e-02 4.680346561491164348e-01
-5.598075235234580005e-02 4.671586611989005378e-01
-4.909923081913737664e-02 4.662370542936697393e-01
-4.222360298934419581e-02 4.652648395946818449e-01
-3.535858588366907335e-02 4.642370212631944382e-01
-2.850889652281480766e-02 4.631486034604649915e-01
-2.167925192748365246e-02 4.619945903477510329e-01
-1.487436911837782157e-02 4.607699860863101460e-01
-8.098965116200122077e-03 4.594697948373996921e-01
-1.357756941653377996e-03 4.580890207622774213e-01
5.344538384560205968e-03 4.566226680222006951e-01
1.200320384173835658e-02 4.550657407784272079e-01
1.861352240917831316e-02 4.534132431922143769e-01
2.517077706617722177e-02 4.516601794248197854e-01
3.167025079203287380e-02 4.498015536375009060e-01
3.810722656604303288e-02 4.478323699915152112e-01
4.447698736750491100e-02 4.457476326481203954e-01
5.077481617571565076e-02 4.435423457685740423e-01
5.699599596997308865e-02 4.412115135141335687e-01
6.313580972957491544e-02 4.387501400460563361e-01
6.918954043381836394e-02 4.361532295256001501e-01
7.515247106200065308e-02 4.334157861140225387e-01
8.101988459341952220e-02 4.305328139725809744e-01
8.678706400737269677e-02 4.274993172625327076e-01
9.244929228315741654e-02 4.243103001451355438e-01
9.800185240007089349e-02 4.209607667816472332e-01
1.034400276595534157e-01 4.174457217451665869e-01
1.087608176768695978e-01 4.137623638223418832e-01
1.139669480436114879e-01 4.099152121480361677e-01
1.190623370049578855e-01 4.059103105996289540e-01
1.240509028060880758e-01 4.017537030544993670e-01
1.289365636921811775e-01 3.974514333900263097e-01
1.337232379084160316e-01 3.930095454835891844e-01
1.384148436999714793e-01 3.884340832125677823e-01
1.430152993120266669e-01 3.837310904543410062e-01
1.475285229897608241e-01 3.789066110862877035e-01
1.519584329783527643e-01 3.739666889857875542e-01
1.563089475229812730e-01 3.689173680302199054e-01
1.605839848688255800e-01 3.637646920969639930e-01
1.647874632610648593e-01 3.585147050633986643e-01
1.689233009448779244e-01 3.531734508069034328e-01
1.729954161654436162e-01 3.477469732048578122e-01
1.770077271679411091e-01 3.422413161346409827e-01
1.809641521975495770e-01 3.366625234736316252e-01
1.848686094994478890e-01 3.310166390992095309e-01
1.887250173188148028e-01 3.253097068887539911e-01
1.925372939008295481e-01 3.195477707196442974e-01
1.963093574906713268e-01 3.137368744692591305e-01
2.000451263335188690e-01 3.078830620149782260e-01
2.037485186745510712e-01 3.019923772341809864e-01
2.074234527589472465e-01 2.960708640042464812e-01
2.110738468318863192e-01 2.901245662025536132e-01
2.147036191385472415e-01 2.841595277064820624e-01
2.183166879241089098e-01 2.781817923934111203e-01
2.219169714337503874e-01 2.721974041407199674e-01
2.255083879126509316e-01 2.662124068257875620e-01
2.290948605239646607e-01 2.602325686740835087e-01
2.326803354014022884e-01 2.542623704142103480e-01
2.362687653797423126e-01 2.483059171807676657e-01
2.398641032945549867e-01 2.423673140639748536e-01
2.434703019814103697e-01 2.364506661540517474e-01
2.470913142758783265e-01 2.305600785412181275e-01
2.507310930135291382e-01 2.246996563156933024e-01
2.543935910299330860e-01 2.188735045676965807e-01
2.580827611606602012e-01 2.130857283874479646e-01
2.618025562412804041e-01 2.073404328651670958e-01
2.655569291073639482e-01 2.016417230910733382e-01
2.693498325944809757e-01 1.959937041553859449e-01
2.731852195382016291e-01 1.904004811483249182e-01
2.770670427740959396e-01 1.848661591601099552e-01
2.809992551377339942e-01 1.793948432809604754e-01
2.849858094646861018e-01 1.739906386010955930e-01
2.890306585905222936e-01 1.686576502107353659e-01
2.931377553508125455e-01 1.633999832000995189e-01
2.973110525811270555e-01 1.582217426594073884e-01
3.015545031170360768e-01 1.531270336788782827e-01
3.058720597941096964e-01 1.481199613487320654e-01
3.102676754479177235e-01 1.432046307591885170e-01
3.147453029140305780e-01 1.383851470004669182e-01
3.193088950280183469e-01 1.336656151627867439e-01
3.239624046254512280e-01 1.290501403363677191e-01
3.287097845418989750e-01 1.245428276114295962e-01
3.335549876129320634e-01 1.201477820781918504e-01
3.385019666741205246e-01 1.158691088268736930e-01
3.435546745610345010e-01 1.117109129476950707e-01
3.487165729272869719e-01 1.076769219085186163e-01
3.539864975157045457e-01 1.037673067612797928e-01
3.593607448606505606e-01 9.998028640582194704e-02
3.648355853311167629e-01 9.631405962596241432e-02
3.704072892960950658e-01 9.276682520551865485e-02
3.760721271245775488e-01 8.933678192830768472e-02
3.818263691855566244e-01 8.602212857814663105e-02
3.876662858480238172e-01 8.282106393885288464e-02
3.935881474809712066e-01 7.973178679424379467e-02
3.995882244533908167e-01 7.675249592813646049e-02
4.056627871342748382e-01 7.388139012434798147e-02
4.118081058926151838e-01 7.111666816669574842e-02
4.180204510974036558e-01 6.845652883899712438e-02
4.242960931176323336e-01 6.589917092506918095e-02
4.306313023222934633e-01 6.344279320872904526e-02
4.370223490803790134e-01 6.108559447379410118e-02
4.434655037608804529e-01 5.882577350408166317e-02
4.499570367327903053e-01 5.666152908340887223e-02
4.564932183651007613e-01 5.459105999559286243e-02
4.630703190268035119e-01 5.261256502445094824e-02
4.696846090868901369e-01 5.072424295380049269e-02
4.763323589143529935e-01 4.892429256745859517e-02
4.830098388781846053e-01 4.721091264924243830e-02
4.897133193473765522e-01 4.558230198296935737e-02
4.964390706909204143e-01 4.403665935245661134e-02
5.031833632778087706e-01 4.257218354152139672e-02
5.099424674770336452e-01 4.118707333398087533e-02
5.167126536575865625e-01 3.987952751365233389e-02
5.234901921884598242e-01 3.864774486435308687e-02
5.302713534386452876e-01 3.748992416990029608e-02
5.370524077771354765e-01 3.640426421411116498e-02
5.438296255729219153e-01 3.538896378080295252e-02
5.505992771949963505e-01 3.444222165379295930e-02
5.573576330123511946e-01 3.356223661689836102e-02
5.641009633939786383e-01 3.274720745393636806e-02
5.708255387088704280e-01 3.199533294872423939e-02
5.775276293260181992e-01 3.130481188507924784e-02
5.842035056144144756e-01 3.067384304681861421e-02
5.908494379430512256e-01 3.010062521775952113e-02
5.974616966809203067e-01 2.958335718171924145e-02
6.040365521970135765e-01 2.912023772251503412e-02
6.105702748603231145e-01 2.870946562396410259e-02
6.170591350398412223e-01 2.834923966988366767e-02
6.234994031045599794e-01 2.803775864409099872e-02
