-5.582236329179400824e-01 1.441725843521400208e+00
-5.593502410641885136e-01 1.440526345468599256e+00
-5.604783156389258059e-01 1.439327320821955247e+00
-5.616078419415995171e-01 1.438128763462296344e+00
-5.627388052716572053e-01 1.436930667270449602e+00
-5.638711909285462065e-01 1.435733026127244072e+00
-5.650049842117143006e-01 1.434535833913507030e+00
-5.661401704206082686e-01 1.433339084510066197e+00
-5.672767348546762234e-01 1.432142771797749514e+00
-5.684146628133650569e-01 1.430946889657384480e+00
-5.695539395961225493e-01 1.429751431969799702e+00
-5.706945505023961474e-01 1.428556392615822457e+00
-5.718364808316329650e-01 1.427361765476280686e+00
-5.729797158832807824e-01 1.426167544432001666e+00
-5.741242409567871574e-01 1.424973723363815115e+00
-5.752700413515992039e-01 1.423780296152546310e+00
-5.764171023671641469e-01 1.422587256679024525e+00
-5.775654093029300995e-01 1.421394598824077704e+00
-5.787149474583438424e-01 1.420202316468532455e+00
-5.798657021328531558e-01 1.419010403493218497e+00
-5.810176586259057085e-01 1.417818853778962440e+00
-5.821708022369487256e-01 1.416627661206592226e+00
-5.833251182654295430e-01 1.415436819656936240e+00
-5.844805920107956076e-01 1.414246323010821538e+00
-5.856372087724944775e-01 1.413056165149076726e+00
-5.867949538499733775e-01 1.411866339952529303e+00
-5.879538125426803097e-01 1.410676841302007212e+00
-5.891137701500620549e-01 1.409487663078337505e+00
-5.902748119715663933e-01 1.408298799162349013e+00
-5.914369233066406606e-01 1.407110243434869234e+00
-5.926000894547321929e-01 1.405921989776725667e+00
-5.937642957152889922e-01 1.404734032068746918e+00
-5.949295273877577284e-01 1.403546364191759821e+00
-5.960957697715862924e-01 1.402358980026593427e+00
-5.972630081662220203e-01 1.401171873454074346e+00
-5.984312278711123589e-01 1.399985038355030964e+00
-5.996004141857047554e-01 1.398798468610291224e+00
-6.007705524094466565e-01 1.397612158100682844e+00
-6.019416278417857313e-01 1.396426100707033990e+00
-6.031136257821688718e-01 1.395240290310172160e+00
-6.042865315300439688e-01 1.394054720790924629e+00
-6.054603303848584694e-01 1.392869386030120227e+00
-6.066350076460594876e-01 1.391684279908586008e+00
-6.078105486130945811e-01 1.390499396307150359e+00
-6.089869385854115302e-01 1.389314729106641222e+00
-6.101641628624574487e-01 1.388130272187886094e+00
-6.113422067436795615e-01 1.386946019431712473e+00
-6.125210555285260927e-01 1.385761964718948747e+00
-6.137006945164436011e-01 1.384578101930422633e+00
-6.148811090068799778e-01 1.383394424946961632e+00
-6.160622842992827808e-01 1.382210927649394572e+00
-6.172442056930992349e-01 1.381027603918548285e+00
-6.184268584877766761e-01 1.379844447635250715e+00
-6.196102279827627735e-01 1.378661452680330246e+00
-6.207942994775047518e-01 1.377478612934613267e+00
-6.219790582714503913e-01 1.376295922278929718e+00
-6.231644896640468057e-01 1.375113374594106208e+00
-6.243505789547416640e-01 1.373930963760970902e+00
-6.255373114429823023e-01 1.372748683660351521e+00
-6.267246724282162784e-01 1.371566528173076005e+00
-6.279126472098908174e-01 1.370384491179971631e+00
-6.291012210874533661e-01 1.369202566561867007e+00
-6.302903793603515936e-01 1.368020748199589631e+00
-6.314801073280328358e-01 1.366839029973967223e+00
-6.326703902899443177e-01 1.365657405765827503e+00
-6.338612135455337082e-01 1.364475869455998636e+00
-6.350525623942487874e-01 1.363294414925308784e+00
-6.362444221355361140e-01 1.362113036054585002e+00
-6.374367780688439122e-01 1.360931726724655899e+00
-6.386296154936195180e-01 1.359750480816349194e+00
-6.398229197093100451e-01 1.358569292210491719e+00
-6.410166760153629406e-01 1.357388154787912082e+00
-6.422108697112260955e-01 1.356207062429438448e+00
-6.434054860963467348e-01 1.355026009015897870e+00
-6.446005104701718613e-01 1.353844988428118956e+00
-6.457959281321493661e-01 1.352663994546928317e+00
-6.469917243817266961e-01 1.351483021253155448e+00
-6.481878845183512983e-01 1.350302062427627403e+00
-6.493843938414703976e-01 1.349121111951171681e+00
-6.505812376505316630e-01 1.347940163704616445e+00
-6.517784012449824305e-01 1.346759211568789860e+00
-6.529758699242701470e-01 1.345578249424519202e+00
-6.541736289878421484e-01 1.344397271152632412e+00
-6.553716637351462149e-01 1.343216270633957654e+00
-6.565699594656292382e-01 1.342035241749322205e+00
-6.577685014787392204e-01 1.340854178379554229e+00
-6.589672750739232754e-01 1.339673074405481668e+00
-6.601662655506289612e-01 1.338491923707932685e+00
-6.613654582083037248e-01 1.337310720167734113e+00
-6.625648383463947910e-01 1.336129457665714559e+00
-6.637643912643499400e-01 1.334948130082701967e+00
-6.649641022616166186e-01 1.333766731299524055e+00
-6.661639566376421628e-01 1.332585255197008323e+00
-6.673639396918735756e-01 1.331403695655982045e+00
-6.685640367237589698e-01 1.330222046557274718e+00
-6.697642330327454596e-01 1.329040301781712508e+00
-6.709645139182804918e-01 1.327858455210124244e+00
-6.721648646798112914e-01 1.326676500723337426e+00
-6.733652706167859714e-01 1.325494432202179995e+00
-6.745657170286514237e-01 1.324312243527480115e+00
-6.757661892148552063e-01 1.323129928580064840e+00
-6.769666724748446551e-01 1.321947481240762112e+00
-6.781671521080676612e-01 1.320764895390400984e+00
-6.793676134139710054e-01 1.319582164909807620e+00
-6.805680416920026898e-01 1.318399283679811296e+00
-6.817684222416098283e-01 1.317216245581238399e+00
-6.829687403622398678e-01 1.316033044494917759e+00
-6.841689813533406994e-01 1.314849674301677318e+00
-6.853691305143591039e-01 1.313666128882344353e+00
-6.865691731447429724e-01 1.312482402117747249e+00
-6.877690945439395298e-01 1.311298487888712838e+00
-6.889688800113963341e-01 1.310114380076069951e+00
-6.901685148465607211e-01 1.308930072560646085e+00
-6.913679843488804710e-01 1.307745559223269627e+00
-6.925672738178024757e-01 1.306560833944767186e+00
-6.937663685527745150e-01 1.305375890605967593e+00
-6.949652538532442581e-01 1.304190723087698789e+00
-6.961639150186585967e-01 1.303005325270787607e+00
-6.973623373484651999e-01 1.301819691036062654e+00
-6.985605061421116257e-01 1.300633814264351873e+00
-6.997584066990454321e-01 1.299447688836482762e+00
-7.009560243187136219e-01 1.298261308633282596e+00
-7.021533443005640862e-01 1.297074667535580872e+00
-7.033503519440440499e-01 1.295887759424203756e+00
-7.045470325486007379e-01 1.294700578179979855e+00
-7.057433714136819303e-01 1.293513117683736668e+00
-7.069393538387350739e-01 1.292325371816302360e+00
-7.081349651232073938e-01 1.291137334458504871e+00
-7.093301905665464480e-01 1.289948999491171477e+00
-7.105250154681996833e-01 1.288760360795130344e+00
-7.117194251276147687e-01 1.287571412251209635e+00
-7.129134048442385962e-01 1.286382147740236626e+00
-7.141069399175190568e-01 1.285192561143039480e+00
-7.153000156469033755e-01 1.284002646340445475e+00
-7.164926173318392211e-01 1.282812397213283662e+00
-7.176847302717737076e-01 1.281621807642380428e+00
-7.188763397661546151e-01 1.280430871508564827e+00
-7.200674311144291684e-01 1.279239582692663912e+00
-7.212579896160449255e-01 1.278047935075506070e+00
-7.224480005704492225e-01 1.276855922537918575e+00
-7.236374492770893951e-01 1.275663538960729371e+00
-7.248263210354132235e-01 1.274470778224766621e+00
-7.260146011448678216e-01 1.273277634210858045e+00
-7.272022749049009693e-01 1.272084100799831363e+00
-7.283893276149596696e-01 1.270890171872514296e+00
-7.295757445744919245e-01 1.269695841309735229e+00
-7.307615110829447369e-01 1.268501102992321439e+00
-7.319466124397655538e-01 1.267305950801100867e+00
-7.331310339444020441e-01 1.266110378616901455e+00
-7.343147608963016548e-01 1.264914380320551146e+00
-7.354977785949114999e-01 1.263717949792877659e+00
-7.366800723396793593e-01 1.262521080914708715e+00
-7.378616274300525690e-01 1.261323767566872256e+00
-7.390424291654785760e-01 1.260126003630196001e+00
-7.402224628454048272e-01 1.258927782985508115e+00
-7.414017137692784365e-01 1.257729099513635873e+00
-7.425801672365475170e-01 1.256529947095407662e+00
-7.437578085466590716e-01 1.255330319611651424e+00
-7.449346229990604362e-01 1.254130210943194434e+00
-7.461105958931995019e-01 1.252929614970864858e+00
-7.472857125285231605e-01 1.251728525575490192e+00
-7.484599582044793031e-01 1.250526936637898601e+00
-7.496333182205151546e-01 1.249324842038918026e+00
-7.508057778760781620e-01 1.248122235659376189e+00
-7.519773224706158832e-01 1.246919111380100587e+00
-7.531479373035758762e-01 1.245715463081919605e+00
-7.543176076744050329e-01 1.244511284645660076e+00
-7.554863188825513554e-01 1.243306569952151275e+00
-7.566540562274619575e-01 1.242101312882220476e+00
-7.578208050085846192e-01 1.240895507316694957e+00
-7.589865505253664546e-01 1.239689147136403324e+00
-7.601512780772550215e-01 1.238482226222172633e+00
-7.613149729636977670e-01 1.237274738454831047e+00
-7.624776204841421379e-01 1.236066677715206730e+00
-7.636392059380355812e-01 1.234858037884127624e+00
-7.647997146248255440e-01 1.233648812842420561e+00
-7.659591318439593621e-01 1.232438996470914594e+00
-7.671174428948845936e-01 1.231228582650436554e+00
-7.682746330770487964e-01 1.230017565261814827e+00
-7.694306876898990843e-01 1.228805938185877356e+00
-7.705855920328832376e-01 1.227593695303451637e+00
-7.717393314054485920e-01 1.226380830495365615e+00
-7.728918911070422615e-01 1.225167337642447007e+00
-7.740432564371122481e-01 1.223953210625524424e+00
-7.751934126951055548e-01 1.222738443325424473e+00
-7.763423451804698505e-01 1.221523029622975542e+00
-7.774900391926525822e-01 1.220306963399005795e+00
-7.786364800311009748e-01 1.219090238534342507e+00
-7.797816529952628084e-01 1.217872848909814065e+00
-7.809255433845851968e-01 1.216654788406247967e+00
-7.820681364985156980e-01 1.215436050904471710e+00
-7.832094176365017590e-01 1.214216630285313903e+00
-7.843493720979908268e-01 1.212996520429602043e+00
-7.854879851824305703e-01 1.211775715218163851e+00
-7.866252421892678814e-01 1.210554208531827047e+00
-7.877611284179507622e-01 1.209331994251419573e+00
-7.888956291679263266e-01 1.208109066257769815e+00
-7.900287297386422436e-01 1.206885418431705048e+00
-7.911604154295458491e-01 1.205661044654053216e+00
-7.922906715400845901e-01 1.204435938805642037e+00
-7.934194833697058025e-01 1.203210094767299454e+00
-7.945468362178569333e-01 1.201983506419853187e+00
-7.956727153839855404e-01 1.200756167644131178e+00
-7.967971061675389599e-01 1.199528072320961369e+00
-7.979199938679648607e-01 1.198299214331171481e+00
-7.990413637847106898e-01 1.197069587555589454e+00
-8.001612012172232280e-01 1.195839185875042787e+00
-8.012794914649506994e-01 1.194608003170359867e+00
-8.023962198273404400e-01 1.193376033322368190e+00
-8.035113716038394527e-01 1.192143270211895478e+00
-8.046249320938956284e-01 1.190909707719769894e+00
-8.057368865969560812e-01 1.189675339726818937e+00
-8.068472204124682579e-01 1.188440160113870547e+00
-8.079559188398799385e-01 1.187204162761752668e+00
-8.090629671786384591e-01 1.185967341551293242e+00
-8.101683507281908225e-01 1.184729690363319765e+00
-8.112720547879850308e-01 1.183491203078660181e+00
-8.123740646574684199e-01 1.182251873578142876e+00
-8.134743656360883257e-01 1.181011695742594902e+00
-8.145729430232917512e-01 1.179770663452844204e+00
-8.156697821185269204e-01 1.178528770589718722e+00
-8.167648682212407252e-01 1.177286011034046620e+00
-8.178581866308810566e-01 1.176042378666655841e+00
-8.189497226468951396e-01 1.174797867368373661e+00
-8.200394615687303101e-01 1.173552471020028021e+00
-8.211273886958341262e-01 1.172306183502446864e+00
-8.222134893276538126e-01 1.171058998696458131e+00
-8.232977487636370384e-01 1.169810910482889543e+00
-8.243801523032312506e-01 1.168561912742568820e+00
-8.254606852458838961e-01 1.167311999356324126e+00
-8.265393328910421999e-01 1.166061164204982514e+00
-8.276160805381539420e-01 1.164809401169373260e+00
-8.286909134866662363e-01 1.163556704130322750e+00
-8.297638170360265297e-01 1.162303066968659593e+00
-8.308347764856827133e-01 1.161048483565211509e+00
-8.319037771350819011e-01 1.159792947800806218e+00
-8.329708055719179383e-01 1.158536450933558726e+00
-8.340358558586866700e-01 1.157278969003799673e+00
-8.350989247471592991e-01 1.156020472576823277e+00
-8.361600089926523038e-01 1.154760932210704860e+00
-8.372191053504826064e-01 1.153500318463519969e+00
-8.382762105759666849e-01 1.152238601893343928e+00
-8.393313214244215725e-01 1.150975753058251838e+00
-8.403844346511639696e-01 1.149711742516319246e+00
-8.414355470115105762e-01 1.148446540825622142e+00
-8.424846552607784256e-01 1.147180118544235405e+00
-8.435317561542835518e-01 1.145912446230233916e+00
-8.445768464473437653e-01 1.144643494441694331e+00
-8.456199228952746560e-01 1.143373233736690864e+00
-8.466609822533940344e-01 1.142101634673299504e+00
-8.477000212770179344e-01 1.140828667809595798e+00
-8.487370367214633893e-01 1.139554303703654625e+00
-8.497720253420473213e-01 1.138278512913551976e+00
-8.508049838940860976e-01 1.137001265997362731e+00
-8.518359091328967514e-01 1.135722533513162436e+00
-8.528647978137959829e-01 1.134442286019026858e+00
-8.538916466921004922e-01 1.133160494073030877e+00
-8.549164525231272016e-01 1.131877128233250485e+00
-8.559392120621924782e-01 1.130592159057760338e+00
-8.569599220646134663e-01 1.129305557104636426e+00
-8.579785792857068660e-01 1.128017292931954074e+00
-8.589951804807893776e-01 1.126727337097788384e+00
-8.600097224051777012e-01 1.125435660160214901e+00
-8.610222018141884259e-01 1.124142232677308950e+00
-8.620326154631388071e-01 1.122847025207146521e+00
-8.630409601073454340e-01 1.121550008307802493e+00
-8.640472325021244515e-01 1.120251152537351746e+00
-8.650514294027934481e-01 1.118950428453870716e+00
-8.660535475646689019e-01 1.117647806615434281e+00
-8.670535837430672910e-01 1.116343257580117765e+00
-8.680515346933056486e-01 1.115036751905996715e+00
-8.690473971707006751e-01 1.113728260151146676e+00
-8.700411679305691814e-01 1.112417752873642751e+00
-8.710328437282279790e-01 1.111105200631560708e+00
-8.720224213189935458e-01 1.109790573982975648e+00
-8.730098974581829152e-01 1.108473843485962895e+00
-8.739952689011126763e-01 1.107154979698598662e+00
-8.749785324030996403e-01 1.105833953178956941e+00
-8.759596847194603964e-01 1.104510734485114387e+00
-8.769387226055121998e-01 1.103185294175145881e+00
-8.779156428165713066e-01 1.101857602807126746e+00
-8.788904421079544171e-01 1.100527630939132306e+00
-8.798631172349786755e-01 1.099195349129238108e+00
-8.808336649529607820e-01 1.097860727935519920e+00
-8.818020820172174368e-01 1.096523737916053065e+00
-8.827683651830653400e-01 1.095184349628912424e+00
-8.837325112058211918e-01 1.093842533632173541e+00
-8.846945168408015814e-01 1.092498260483912187e+00
-8.856543788433238751e-01 1.091151500742203462e+00
-8.866120939687041069e-01 1.089802224965122468e+00
-8.875676589722595322e-01 1.088450403710745418e+00
-8.885210706093067401e-01 1.087096007537147413e+00
-8.894723256351624308e-01 1.085739007002403111e+00
-8.904214208051437485e-01 1.084379372664589170e+00
-8.913683528745668383e-01 1.083017075081780023e+00
-8.923131185987487335e-01 1.081652084812051440e+00
-8.932557147330061342e-01 1.080284372413478522e+00
-8.941961380326560738e-01 1.078913908444137260e+00
-8.951343852530151413e-01 1.077540663462102977e+00
-8.960704531493999259e-01 1.076164608025450109e+00
-8.970043384771273498e-01 1.074785712692255313e+00
-8.979360379915140022e-01 1.073403948020593246e+00
-8.988655484478770274e-01 1.072019284568539899e+00
-8.997928666015329036e-01 1.070631692894169928e+00
-9.007179892077982197e-01 1.069241143555559104e+00
-9.016409130219900092e-01 1.067847607110782970e+00
-9.025616347994248612e-01 1.066451054117916630e+00
-9.034801512954193647e-01 1.065051455135035408e+00
-9.043964592652911083e-01 1.063648780720215514e+00
-9.053105554643560149e-01 1.062243001431531386e+00
-9.062224366479308957e-01 1.060834087827058791e+00
-9.071320995713330060e-01 1.059422010464873498e+00
-9.080395409898786019e-01 1.058006739903049942e+00
-9.089447576588844946e-01 1.056588246699664557e+00
-9.098477463336678284e-01 1.055166501412792446e+00
-9.107485037695449703e-01 1.053741474600508710e+00
-9.116470267218330648e-01 1.052313136820889117e+00
-9.125433119458481457e-01 1.050881458632008325e+00
-9.134373561969080235e-01 1.049446410591942769e+00
-9.143291562303285103e-01 1.048007963258767550e+00
-9.152187088014267502e-01 1.046566087190557548e+00
-9.161060106655194435e-01 1.045120752945388753e+00
-9.169910585779237344e-01 1.043671931081336268e+00
-9.178738492939555460e-01 1.042219592156475416e+00
-9.187543795689324666e-01 1.040763706728882187e+00
-9.196326461581707523e-01 1.039304245356631018e+00
-9.205086458169874364e-01 1.037841178597798342e+00
-9.213823753006989969e-01 1.036374477010458595e+00
-9.222538313646223562e-01 1.034904111152687767e+00
-9.231230107640742144e-01 1.033430051582561182e+00
-9.239899102543714937e-01 1.031952268858154165e+00
-9.248545265908307833e-01 1.030470733537542261e+00
-9.257168565287687834e-01 1.028985416178800794e+00
-9.265768968235025271e-01 1.027496287340004866e+00
-9.274346442303481597e-01 1.026003317579230023e+00
-9.282900955046232694e-01 1.024506477454552256e+00
-9.291432474016443344e-01 1.023005737524046443e+00
-9.299940966767279438e-01 1.021501068345787910e+00
-9.308426400851905758e-01 1.019992440477851980e+00
-9.316888743823494856e-01 1.018479824478314422e+00
-9.325327963235212625e-01 1.016963190905250558e+00
-9.333744026640223845e-01 1.015442510316735492e+00
-9.342136901591704401e-01 1.013917753270845212e+00
-9.350506555642813522e-01 1.012388890325654600e+00
-9.358852956346720431e-01 1.010855892039238979e+00
-9.367176071256595460e-01 1.009318728969674339e+00
-9.375475867925604501e-01 1.007777371675035560e+00
-9.383752313906911224e-01 1.006231790713397967e+00
-9.392005376753691515e-01 1.004681956642837548e+00
-9.400235024019105712e-01 1.003127840021429185e+00
-9.408441223256327479e-01 1.001569411407248644e+00
-9.416623942018518267e-01 1.000006641358371251e+00
-9.424783147858848409e-01 9.984395004328721068e-01
-9.432918745899484536e-01 9.968679648539674476e-01
-9.441029929183812897e-01 9.952920754606255915e-01
-9.449115437763787595e-01 9.937119141973574932e-01
-9.457174004424518943e-01 9.921275636680836341e-01
-9.465204361951101708e-01 9.905391064767249398e-01
-9.473205243128652864e-01 9.889466252272023361e-01
-9.481175380742273839e-01 9.873502025234373036e-01
-9.489113507577072726e-01 9.857499209693502129e-01
-9.497018356418153173e-01 9.841458631688625447e-01
-9.504888660050624383e-01 9.825381117258950026e-01
-9.512723151259590004e-01 9.809267492443686232e-01
-9.520520562830157019e-01 9.793118583282044431e-01
-9.528279627547431296e-01 9.776935215813233881e-01
-9.535999078196517598e-01 9.760718216076462728e-01
-9.543677647562527344e-01 9.744468410110946888e-01
-9.551314068430564186e-01 9.728186623955888956e-01
-9.558907073585732883e-01 9.711873683650503741e-01
-9.566455395813139306e-01 9.695530415233998278e-01
-9.573957767897888216e-01 9.679157644745582934e-01
-9.581412922625091033e-01 9.662756198224469184e-01
-9.588819592779850298e-01 9.646326901709865176e-01
-9.596176511147272992e-01 9.629870581240982386e-01
-9.603482410512464984e-01 9.613388062857028959e-01
-9.610736023660536587e-01 9.596880172597216374e-01
-9.617936083376583678e-01 9.580347736500750555e-01
-9.625081322445725451e-01 9.563791580606849640e-01
-9.632170473653057785e-01 9.547212530954715115e-01
-9.639202269783692101e-01 9.530611413583558456e-01
-9.646175443622733159e-01 9.513989054532593359e-01
-9.653088727955286830e-01 9.497346279841026861e-01
-9.659940855566460094e-01 9.480683915548069329e-01
-9.666730559241359932e-01 9.464002787692928909e-01
-9.673456571765092216e-01 9.447303722314821517e-01
-9.680117625922758373e-01 9.430587545452948639e-01
-9.686712454499473157e-01 9.413855083146527303e-01
-9.693239790280334667e-01 9.397107161434761213e-01
-9.699698366050455434e-01 9.380344606356864068e-01
-9.706086914594937998e-01 9.363568243952047343e-01
-9.712404168698887119e-01 9.346778900259514744e-01
-9.718648861147414220e-01 9.329977401318482189e-01
-9.724819724725622949e-01 9.313164573168157823e-01
-9.730915492218615848e-01 9.296341241847747572e-01
-9.736934896411505447e-01 9.279508233396469574e-01
-9.742876670089390956e-01 9.262666373853523094e-01
-9.748739546037387127e-01 9.245816489258126269e-01
-9.754522257040592059e-01 9.228959405649487246e-01
-9.760223535884117174e-01 9.212095949066813061e-01
-9.765842115353068342e-01 9.195226945549316300e-01
-9.771376728232548103e-01 9.178353221136208440e-01
-9.776826107307668989e-01 9.161475601866695406e-01
-9.782188985363529099e-01 9.144594913779988676e-01
-9.787464095185237634e-01 9.127711982915296396e-01
-9.792650169557903794e-01 9.110827635311828931e-01
-9.797745941266630121e-01 9.093942697008797760e-01
-9.802750143096526925e-01 9.077057994045414357e-01
-9.807661507832697856e-01 9.060174352460886871e-01
-9.812478768260248785e-01 9.043292598294422335e-01
-9.817200657164284472e-01 9.026413557585233338e-01
-9.821825907329911898e-01 9.009538056372528025e-01
-9.826353251542242484e-01 8.992666920695521204e-01
-9.830781422586378770e-01 8.975800976593419911e-01
-9.835109153247423297e-01 8.958941050105428960e-01
-9.839335176310486375e-01 8.942087967270764270e-01
-9.843458224560673875e-01 8.925242554128633987e-01
-9.847477030783090557e-01 8.908405636718245146e-01
-9.851390327762844512e-01 8.891578041078813666e-01
-9.855196848285039390e-01 8.874760593249543250e-01
-9.858895325134785503e-01 8.857954119269650928e-01
-9.862484491097183170e-01 8.841159445178339293e-01
-9.865963078957342702e-01 8.824377397014823154e-01
-9.869329821500371080e-01 8.807608800818309547e-01
-9.872583451511371955e-01 8.790854482628008837e-01
-9.875722701775453416e-01 8.774115268483131391e-01
-9.878746305077719114e-01 8.757391984422885356e-01
-9.881652994203276030e-01 8.740685456486483318e-01
-9.884441501937233365e-01 8.723996510713135644e-01
-9.887110561064693659e-01 8.707325973142047149e-01
-9.889658904370763892e-01 8.690674669812431530e-01
-9.892085264640554376e-01 8.674043426763501374e-01
-9.894388374659162100e-01 8.657433070034459277e-01
-9.896566967211705146e-01 8.640844425664522266e-01
-9.898619775083280503e-01 8.624278319692895156e-01
-9.900545531058995152e-01 8.607735578158788314e-01
-9.902342967923959405e-01 8.591217027101414327e-01
-9.904010818463280241e-01 8.574723492559984672e-01
-9.905547815462060202e-01 8.558255800573703054e-01
-9.906952691705406266e-01 8.541814777181784279e-01
-9.908224179978423196e-01 8.525401248423435385e-01
-9.909361013066217971e-01 8.509016040337866738e-01
-9.910361923753902014e-01 8.492659978964289813e-01
-9.911225644826575643e-01 8.476333890341912758e-01
-9.911950909069345839e-01 8.460038600509947049e-01
-9.912536449267318472e-01 8.443774935507600832e-01
-9.912980998205602745e-01 8.427543721374084473e-01
-9.913283288669301196e-01 8.411345784148607230e-01
-9.913442053443524138e-01 8.395181949870382798e-01
-9.913456025313372999e-01 8.379053044578614884e-01
-9.913323937063958091e-01 8.362959894312517184e-01
-9.913044521480383064e-01 8.346903325111300065e-01
-9.912616511347754900e-01 8.330884163014171673e-01
-9.912038639451180577e-01 8.314903234060342374e-01
-9.911309638575767078e-01 8.298961364289023646e-01
-9.910428241506616942e-01 8.283059379739421413e-01
-9.909393181028838260e-01 8.267198106450749373e-01
-9.908203189927539123e-01 8.251378370462214562e-01
-9.906857000987823181e-01 8.235600997813028457e-01
-9.905353346994796304e-01 8.219866814542400313e-01
-9.903690960733566584e-01 8.204176646689540497e-01
-9.901868574989239891e-01 8.188531320293660487e-01
-9.899884922546922095e-01 8.172931661393965097e-01
-9.897738736191721287e-01 8.157378496029671355e-01
-9.895428748708741118e-01 8.141872650239982967e-01
-9.892953692883087458e-01 8.126414950064112519e-01
-9.890312301499865066e-01 8.111006221541267047e-01
-9.887503307344187586e-01 8.095647290710663579e-01
-9.884525443201153116e-01 8.080338983611503600e-01
-9.881377441855871968e-01 8.065082126282999697e-01
-9.878058036093450012e-01 8.049877544764364456e-01
-9.874565958698989787e-01 8.034726065094804914e-01
-9.870899942457602716e-01 8.019628513313531437e-01
-9.867058720154393558e-01 8.004585715459755502e-01
-9.863041024574468185e-01 7.989598497572687474e-01
-9.858845595301299891e-01 7.974667682913536559e-01
-9.854472043019617544e-01 7.959793738788274453e-01
-9.849921696955659112e-01 7.944976430260891620e-01
-9.845196087567972265e-01 7.930215440166477059e-01
-9.840296745315096905e-01 7.915510451340119769e-01
-9.835225200655581812e-01 7.900861146616913189e-01
-9.829982984047969108e-01 7.886267208831952980e-01
-9.824571625950800913e-01 7.871728320820324809e-01
-9.818992656822626008e-01 7.857244165417125448e-01
-9.813247607121982075e-01 7.842814425457443894e-01
-9.807338007307420114e-01 7.828438783776372478e-01
-9.801265387837480025e-01 7.814116923209001309e-01
-9.795031279170705041e-01 7.799848526590423825e-01
-9.788637211765642832e-01 7.785633276755729026e-01
-9.782084716080833298e-01 7.771470856540011463e-01
-9.775375322574823000e-01 7.757360948778362353e-01
-9.768510561706154061e-01 7.743303236305871806e-01
-9.761491963933374150e-01 7.729297401957634372e-01
-9.754321059715025388e-01 7.715343128568737940e-01
-9.746999379509652117e-01 7.701440098974277060e-01
-9.739528453775798678e-01 7.687587996009344060e-01
-9.731909812972003859e-01 7.673786502509025720e-01
-9.724144987556819775e-01 7.660035301308419919e-01
-9.716235507988787434e-01 7.646334075242613437e-01
-9.708182904726450069e-01 7.632682507146699713e-01
-9.699988708228350909e-01 7.619080279855769966e-01
-9.691654448953035406e-01 7.605527076204916526e-01
-9.683181657359047900e-01 7.592022579029231721e-01
-9.674571863904933844e-01 7.578566471163807883e-01
-9.665826599049230916e-01 7.565158435443731788e-01
-9.656947393250492340e-01 7.551798154704100208e-01
-9.647935776967254684e-01 7.538485311780002140e-01
-9.638793280658066731e-01 7.525219589506532136e-01
-9.629521434781470601e-01 7.512000670718778084e-01
-9.620121769796011746e-01 7.498828238251833422e-01
-9.610595816160230065e-01 7.485701974940789372e-01
-9.600945104332674340e-01 7.472621563620739371e-01
-9.591171164771884472e-01 7.459586687126771309e-01
-9.581275527936410352e-01 7.446597028293981957e-01
-9.571259724284789661e-01 7.433652269957458092e-01
-9.561125284275570069e-01 7.420752094952292044e-01
-9.550873738367295918e-01 7.407896186113580583e-01
-9.540506617018508217e-01 7.395084226276409378e-01
-9.530025450687755750e-01 7.382315898275875199e-01
-9.519431769833579526e-01 7.369590884947062603e-01
-9.508727104914521666e-01 7.356908869125070582e-01
-9.497912986389129841e-01 7.344269533644984804e-01
-9.486990944715948393e-01 7.331672561341902039e-01
-9.475962510353518331e-01 7.319117635050911286e-01
-9.464829213760386217e-01 7.306604437607104874e-01
-9.453592585395093062e-01 7.294132651845572912e-01
-9.442254155716186537e-01 7.281701960601411061e-01
-9.430815455182208762e-01 7.269312046709704989e-01
-9.419278014251702968e-01 7.256962593005551465e-01
-9.407643363383217938e-01 7.244653282324040600e-01
-9.395913033035289130e-01 7.232383797500260281e-01
-9.384088553666470878e-01 7.220153821369309499e-01
-9.372171455735298640e-01 7.207963036766275033e-01
-9.360163269700321198e-01 7.195811126526249213e-01
-9.348065526020080673e-01 7.183697773484325477e-01
-9.335879755153122517e-01 7.171622660475590605e-01
-9.323607487557991069e-01 7.159585470335141366e-01
-9.311250253693227341e-01 7.147585885898067870e-01
-9.298809584017376784e-01 7.135623589999461336e-01
-9.286287008988987068e-01 7.123698265474411873e-01
-9.273684059066598095e-01 7.111809595158016251e-01
-9.261002264708755316e-01 7.099957261885362358e-01
-9.248243156373999740e-01 7.088140948491538085e-01
-9.235408264520880151e-01 7.076360337811643531e-01
-9.222499119607939777e-01 7.064615112680765474e-01
-9.209517252093720741e-01 7.052904955933994025e-01
-9.196464192436768492e-01 7.041229550406423732e-01
-9.183341471095628483e-01 7.029588578933145815e-01
-9.170150618528839503e-01 7.017981724349252604e-01
-9.156893165194951445e-01 7.006408669489833096e-01
-9.143570641552505318e-01 6.994869097189981844e-01
-9.130184578060044354e-01 6.983362690284788954e-01
-9.116736505176116223e-01 6.971889131609345647e-01
-9.103227953359261937e-01 6.960448103998745362e-01
-9.089660453068026946e-01 6.949039290288077098e-01
-9.076035534760954482e-01 6.937662373312436515e-01
-9.062354728896588885e-01 6.926317035906911501e-01
-9.048619565933474496e-01 6.915002960906594387e-01
-9.034831576330153435e-01 6.903719831146577501e-01
-9.020992290545173375e-01 6.892467329461952064e-01
-9.007103239037079767e-01 6.881245138687812624e-01
-8.993165952264409180e-01 6.870052941659247070e-01
-8.979181960685710395e-01 6.858890421211347732e-01
-8.965152794759527755e-01 6.847757260179205829e-01
-8.951079984944402268e-01 6.836653141397913691e-01
-8.936965061698884938e-01 6.825577747702566977e-01
-8.922809555481510113e-01 6.814530761928250246e-01
-8.908614996750832127e-01 6.803511866910061379e-01
-8.894382915965384218e-01 6.792520745483086042e-01
-8.880114843583717388e-01 6.781557080482418787e-01
-8.865812310064377089e-01 6.770620554743155273e-01
-8.851476845865904330e-01 6.759710851100381168e-01
-8.837109981446842344e-01 6.748827652389191023e-01
-8.822713247265736580e-01 6.737970641444674946e-01
-8.808288173781131380e-01 6.727139501101925267e-01
-8.793836291451571086e-01 6.716333914196035426e-01
-8.779359130735595595e-01 6.705553563562093311e-01
-8.764858222091754802e-01 6.694798132035194582e-01
-8.750335095978590827e-01 6.684067302450428238e-01
-8.735791282854646900e-01 6.673360757642886609e-01
-8.721228313178467362e-01 6.662678180447660914e-01
-8.706647717408597664e-01 6.652019253699845702e-01
-8.692051026003578817e-01 6.641383660234528863e-01
-8.677439769421955162e-01 6.630771082886802725e-01
-8.662815478122274371e-01 6.620181204491760729e-01
-8.648179682563077453e-01 6.609613707884492984e-01
-8.633533913202910970e-01 6.599068275900091818e-01
-8.618879700500317043e-01 6.588544591373648451e-01
-8.604218574913836681e-01 6.578042337140254103e-01
-8.589552066902021998e-01 6.567561196035003324e-01
-8.574881706923409563e-01 6.557100850892984001e-01
-8.560209025436548158e-01 6.546660984549288465e-01
-8.545535552899978793e-01 6.536241279839011264e-01
-8.530862819772246919e-01 6.525841419597241400e-01
-8.516192356511895767e-01 6.515461086659068979e-01
-8.501525693577469678e-01 6.505099963859590773e-01
-8.486864361427515213e-01 6.494757734033893559e-01
-8.472209890520570053e-01 6.484434080017069668e-01
-8.457563811315188529e-01 6.474128684644216980e-01
-8.442927654269902771e-01 6.463841230750416722e-01
-8.428302949843268221e-01 6.453571401170768995e-01
-8.413691228493820340e-01 6.443318878740362798e-01
-8.399094020680106798e-01 6.433083346294288241e-01
-8.384512856860668606e-01 6.422864486667636541e-01
-8.369949262168449033e-01 6.412661984505291235e-01
-8.355404142541810186e-01 6.402475734871475588e-01
-8.340877214674217166e-01 6.392306036968536942e-01
-8.326368060463712473e-01 6.382153235806025116e-01
-8.311876261808335276e-01 6.372017676393478824e-01
-8.297401400606124744e-01 6.361899703740451217e-01
-8.282943058755122268e-01 6.351799662856479900e-01
-8.268500818153365906e-01 6.341717898751112470e-01
-8.254074260698895937e-01 6.331654756433892084e-01
-8.239662968289752643e-01 6.321610580914366340e-01
-8.225266522823972970e-01 6.311585717202078394e-01
-8.210884506199601640e-01 6.301580510306570293e-01
-8.196516500314671161e-01 6.291595305237388525e-01
-8.182162087067228473e-01 6.281630447004080686e-01
-8.167820848355309415e-01 6.271686280616186604e-01
-8.153492366076952047e-01 6.261763151083254986e-01
-8.139176222130201088e-01 6.251861403414826768e-01
-8.124871998413093488e-01 6.241981382620449548e-01
-8.110579276823665085e-01 6.232123433709665372e-01
-8.096297639259963930e-01 6.222287901692022949e-01
-8.082026667620024751e-01 6.212475131577066545e-01
-8.067765943801885609e-01 6.202685468374335986e-01
-8.053515049703589002e-01 6.192919257093379981e-01
-8.039273567223174100e-01 6.183176842743740576e-01
-8.025041078258678962e-01 6.173458570334965367e-01
-8.010817164708148308e-01 6.163764784876596403e-01
-7.996601408469614647e-01 6.154095831378181281e-01
-7.982393391441122699e-01 6.144452054849262046e-01
-7.968192695520709412e-01 6.134833800299385187e-01
-7.953998902606417287e-01 6.125241412738093860e-01
-7.939811594596283273e-01 6.115675237174933443e-01
-7.925630353388347649e-01 6.106135618619448202e-01
-7.911454760880648474e-01 6.096622902081183515e-01
-7.897284398971231578e-01 6.087137432569683648e-01
-7.883118849558131691e-01 6.077679555094495090e-01
-7.868957694539390202e-01 6.068249614665158775e-01
-7.854800515813044059e-01 6.058847956291221193e-01
-7.840646895277134654e-01 6.049474924982229940e-01
-7.826496414829704484e-01 6.040130865747723732e-01
-7.812348656368787170e-01 6.030816123597252387e-01
-7.798203201792429651e-01 6.021531043540357953e-01
-7.784059632998665546e-01 6.012275970586585805e-01
-7.769917531885536244e-01 6.003051249745479101e-01
-7.755776480351084246e-01 5.993857226026588769e-01
-7.741636060293345389e-01 5.984694244439451305e-01
-7.727495853610361065e-01 5.975562649993616526e-01
-7.713355442200171552e-01 5.966462787698626480e-01
-7.699214407960814910e-01 5.957395002564026543e-01
-7.685072332790332528e-01 5.948359639599362092e-01
-7.670928798586764685e-01 5.939357043814177395e-01
-7.656783387248146111e-01 5.930387560218017828e-01
-7.642635680672522636e-01 5.921451533820424329e-01
-7.628485260757931208e-01 5.912549309630948935e-01
-7.614331709402412107e-01 5.903681232659130362e-01
-7.600174608504002283e-01 5.894847647914512878e-01
-7.586013539960746455e-01 5.886048900406647411e-01
-7.571848085670681572e-01 5.877285335145071565e-01
-7.557677827531843473e-01 5.868557297139332940e-01
-7.543502347442279099e-01 5.859865131398976912e-01
-7.529321227300024288e-01 5.851209182933545527e-01
-7.515134049003119321e-01 5.842589796752587494e-01
-7.500940394449603366e-01 5.834007317865644859e-01
-7.486739845537516702e-01 5.825462091282263000e-01
-7.472531984164898500e-01 5.816954462011987292e-01
-7.458316392229789038e-01 5.808484775064359784e-01
-7.444092651630226376e-01 5.800053375448925852e-01
-7.429860344264253014e-01 5.791660608175235314e-01
-7.415619052029905900e-01 5.783306818252824666e-01
-7.401368356825227535e-01 5.774992350691244836e-01
-7.387107840548251536e-01 5.766717550500036760e-01
-7.372837085097027066e-01 5.758482762688748036e-01
-7.358555672369587741e-01 5.750288332266922930e-01
-7.344263184263972732e-01 5.742134604244101270e-01
-7.329959202678224539e-01 5.734021923629833983e-01
-7.315643309510381220e-01 5.725950635433665337e-01
-7.301315086658481945e-01 5.717921084665135156e-01
-7.286974116020569214e-01 5.709933616333793260e-01
-7.272619979494677755e-01 5.701988575449179475e-01
-7.258252258978854510e-01 5.694086307020844728e-01
-7.243870536371131985e-01 5.686227156058327736e-01
-7.229474393569552682e-01 5.678411467571174986e-01
-7.215063412472157989e-01 5.670639586568934076e-01
-7.200637174976983745e-01 5.662911858061144832e-01
-7.186195262982073562e-01 5.655228627057354851e-01
-7.171737258385465497e-01 5.647590238567108401e-01
-7.157262743085198720e-01 5.639997037599950858e-01
-7.142771298979314620e-01 5.632449369165426489e-01
-7.128262507965851258e-01 5.624947578273078452e-01
-7.113735951942846691e-01 5.617492009932452124e-01
-7.099191212808344531e-01 5.610083009153093991e-01
-7.084627872460381726e-01 5.602720920944548322e-01
-7.070045512796997444e-01 5.595406090316356051e-01
-7.055443715716234188e-01 5.588138862278066998e-01
-7.040822063116130014e-01 5.580919581839220989e-01
-7.026180136894724093e-01 5.573748594009367840e-01
-7.011517518950057815e-01 5.566626243798048490e-01
-6.996833791180169237e-01 5.559552876214809425e-01
-6.982128535483098641e-01 5.552528836269193802e-01
-6.967401333756885196e-01 5.545554468970746997e-01
-6.952651767899569180e-01 5.538630119329014390e-01
-6.937879419809190873e-01 5.531756132353541355e-01
-6.923083871383790555e-01 5.524932853053869941e-01
-6.908264704521402955e-01 5.518160626439545524e-01
-6.893421501120073902e-01 5.511439797520114592e-01
-6.878553843077839236e-01 5.504770711305120301e-01
-6.863661312292740346e-01 5.498153712804108029e-01
-6.848743490662817512e-01 5.491589147026622042e-01
-6.833799960086107683e-01 5.485077358982206608e-01
-6.818830302460654469e-01 5.478618693680408214e-01
-6.803834099684492598e-01 5.472213496130767796e-01
-6.788810933655666791e-01 5.465862111342835172e-01
-6.773760386272215106e-01 5.459564884326151279e-01
-6.758682039432173383e-01 5.453322160090260384e-01
-6.743575475033586342e-01 5.447134283644710084e-01
-6.728440274974493152e-01 5.441001599999044647e-01
-6.713276021152930761e-01 5.434924454162805008e-01
-6.698082295466940561e-01 5.428903191145539875e-01
-6.682858681794707767e-01 5.422938153936739392e-01
-6.667604988080195749e-01 5.417029456944459920e-01
-6.652321449322984304e-01 5.411176778914565944e-01
-6.637008348474935371e-01 5.405379749674238399e-01
-6.621665968487919773e-01 5.399637999050670434e-01
-6.606294592313796121e-01 5.393951156871041874e-01
-6.590894502904428576e-01 5.388318852962539207e-01
-6.575465983211680188e-01 5.382740717152350030e-01
-6.560009316187416228e-01 5.377216379267658608e-01
-6.544524784783500859e-01 5.371745469135651430e-01
-6.529012671951798241e-01 5.366327616583512761e-01
-6.513473260644172536e-01 5.360962451438430199e-01
-6.497906833812482352e-01 5.355649603527588010e-01
-6.482313674408599624e-01 5.350388702678172681e-01
-6.466694065384384071e-01 5.345179378717369589e-01
-6.451048289691695414e-01 5.340021261472361891e-01
-6.435376630282406696e-01 5.334913980770338293e-01
-6.419679370108374306e-01 5.329857166438484173e-01
-6.403956792121464625e-01 5.324850448303982686e-01
-6.388209179273541816e-01 5.319893456194022541e-01
-6.372436814516471149e-01 5.314985819935790223e-01
-6.356639980802112344e-01 5.310127169356465560e-01
-6.340818961082332894e-01 5.305317134283239477e-01
-6.324974038308994739e-01 5.300555344543295133e-01
-6.309105495433964261e-01 5.295841429963822344e-01
-6.293213615409100070e-01 5.291175020371999826e-01
-6.277298681186272988e-01 5.286555745595018507e-01
-6.261360975717340516e-01 5.281983235460061543e-01
-6.245400781954167924e-01 5.277457119794315421e-01
-6.229418382848622704e-01 5.272977028424966628e-01
-6.213414061352566797e-01 5.268542591179198320e-01
-6.197388100417862145e-01 5.264153437884199205e-01
-6.181340782996375127e-01 5.259809198367152439e-01
-6.165272392039965466e-01 5.255509502455244508e-01
-6.149183210500503982e-01 5.251253979975660791e-01
-6.133073521329848177e-01 5.247042260755589993e-01
-6.116943607479864431e-01 5.242873974622213051e-01
-6.100793751902416906e-01 5.238748751402716453e-01
-6.084624237549369763e-01 5.234666220924290014e-01
-6.068435347372582722e-01 5.230626013014113562e-01
-6.052227364323925496e-01 5.226627757499375804e-01
-6.036000571355257804e-01 5.222671084207263226e-01
-6.019755251418447139e-01 5.218755622964958985e-01
-6.003491687465353221e-01 5.214881003599651788e-01
-5.987210162447843542e-01 5.211046855938524791e-01
-5.970910959317778932e-01 5.207252809808763372e-01
-5.954594361027024663e-01 5.203498495037554017e-01
-5.938260650527443785e-01 5.199783541452084323e-01
-5.921910110770902680e-01 5.196107578879537447e-01
-5.905543024709261068e-01 5.192470237147098766e-01
-5.889159675294387553e-01 5.188871146081954766e-01
-5.872760345478141852e-01 5.185309935511291934e-01
-5.856345318212390350e-01 5.181786235262294538e-01
-5.839914876448997205e-01 5.178299675162150173e-01
-5.823469303139821029e-01 5.174849885038039776e-01
-5.807008881236732645e-01 5.171436494717155385e-01
-5.790533893691591771e-01 5.168059134026679047e-01
-5.774044623456263681e-01 5.164717432793795027e-01
-5.757541353482613644e-01 5.161411020845693143e-01
-5.741024366722500272e-01 5.158139528009555441e-01
-5.724493946127793276e-01 5.154902584112568409e-01
-5.707950374650353487e-01 5.151699818981918533e-01
-5.691393935242043955e-01 5.148530862444790079e-01
-5.674824910854732174e-01 5.145395344328369536e-01
-5.658243584440280083e-01 5.142292894459845609e-01
-5.641650238950549623e-01 5.139223142666399236e-01
-5.625045157337407176e-01 5.136185718775216902e-01
-5.608428622552714682e-01 5.133180252613485095e-01
-5.591800917548336303e-01 5.130206374008390302e-01
-5.575162325276138420e-01 5.127263712787116789e-01
-5.558513128687981864e-01 5.124351898776851044e-01
-5.541853610735729685e-01 5.121470561804776223e-01
-5.525184054371251596e-01 5.118619331698082142e-01
-5.508504742546403987e-01 5.115797838283951959e-01
-5.491815958213055460e-01 5.113005711389572161e-01
-5.475117984323069065e-01 5.110242580842128124e-01
-5.458411103828306743e-01 5.107508076468803004e-01
-5.441695599680634876e-01 5.104801828096785510e-01
-5.424971754831915405e-01 5.102123465553261017e-01
-5.408239852234013600e-01 5.099472618665414902e-01
-5.391500174838791404e-01 5.096848917260433653e-01
-5.374753005598115196e-01 5.094251991165498206e-01
-5.357998627463845809e-01 5.091681470207800597e-01
-5.341237323387850733e-01 5.089136984214523984e-01
-5.324469376321990799e-01 5.086618163012852634e-01
-5.307695069218132389e-01 5.084124636429971922e-01
-5.290914685028134112e-01 5.081656034293070556e-01
-5.274128506703865682e-01 5.079211986429331693e-01
-5.257336817197189038e-01 5.076792122665941820e-01
-5.240539899459967232e-01 5.074396072830085203e-01
-5.223738036444064425e-01 5.072023466748949438e-01
-5.206931511101346999e-01 5.069673934249721015e-01
-5.190120606383672452e-01 5.067347105159580867e-01
-5.173305605242912719e-01 5.065042609305721033e-01
-5.156486790630924189e-01 5.062760076515320229e-01
-5.139664445499577683e-01 5.060499136615571603e-01
-5.122838852800729592e-01 5.058259419433653870e-01
-5.106010295486249628e-01 5.056040554796755737e-01
-5.089179056507998622e-01 5.053842172532063692e-01
-5.072345418817842955e-01 5.051663902466762002e-01
-5.055509665367640126e-01 5.049505374428034932e-01
-5.038672079109266511e-01 5.047366218243073410e-01
-5.021832942994570725e-01 5.045246063739057263e-01
-5.004992539975429144e-01 5.043144540743175197e-01
-4.988151153003697602e-01 5.041061279082611479e-01
-4.971309065031245811e-01 5.038995908584553707e-01
-4.954466559009931270e-01 5.036948059076185036e-01
-4.937623917891624803e-01 5.034917360384691953e-01
-4.920781424628182243e-01 5.032903442337258726e-01
-4.903939362171474969e-01 5.030905934761075171e-01
-4.887098013473362146e-01 5.028924467483323335e-01
-4.870257661485711265e-01 5.026958670331190815e-01
-4.853418589160380936e-01 5.025008173131861877e-01
-4.836581079449240317e-01 5.023072605712521899e-01
-4.819745415304151348e-01 5.021151597900358476e-01
-4.802911879676974305e-01 5.019244779522553657e-01
-4.786080755519579455e-01 5.017351780406296147e-01
-4.769252325783826518e-01 5.015472230378772434e-01
-4.752426840533274244e-01 5.013605789704821403e-01
-4.735604360026111626e-01 5.011752294311427880e-01
-4.718784876577531984e-01 5.009911643005849902e-01
-4.701968382416519820e-01 5.008083734675122800e-01
-4.685154869772069630e-01 5.006268468206284128e-01
-4.668344330873159809e-01 5.004465742486364777e-01
-4.651536757948787626e-01 5.002675456402405629e-01
-4.634732143227933143e-01 5.000897508841439798e-01
-4.617930478939590855e-01 4.999131798690504280e-01
-4.601131757312743598e-01 4.997378224836634963e-01
-4.584335970576384200e-01 4.995636686166868845e-01
-4.567543110959494390e-01 4.993907081568239037e-01
-4.550753170691070326e-01 4.992189309927784202e-01
-4.533966142000090960e-01 4.990483270132538007e-01
-4.517182017115550785e-01 4.988788861069536340e-01
-4.500400788266434859e-01 4.987105981625816753e-01
-4.483622447681733236e-01 4.985434530688415133e-01
-4.466846987590428752e-01 4.983774407144365703e-01
-4.450074400221518123e-01 4.982125509880706571e-01
-4.433304677803980853e-01 4.980487737784470292e-01
-4.416537812566810328e-01 4.978860989742695531e-01
-4.399773796738989384e-01 4.977245164642418729e-01
-4.383012622549511961e-01 4.975640161370672443e-01
-4.366254282227360339e-01 4.974045878814495891e-01
-4.349498768001528459e-01 4.972462215860922186e-01
-4.332746072100997492e-01 4.970889071396989434e-01
-4.315996186754762487e-01 4.969326344309732968e-01
-4.299249104191804616e-01 4.967773933486188676e-01
-4.282504816641117817e-01 4.966231737813391334e-01
-4.265763316331684374e-01 4.964699656178379605e-01
-4.249024595492497669e-01 4.963177587468185492e-01
-4.232288646352540540e-01 4.961665430569846547e-01
-4.215555461140808036e-01 4.960163084370400877e-01
-4.198825032086277997e-01 4.958670447756880484e-01
-4.182097351417947695e-01 4.957187419616324586e-01
-4.165372411364798855e-01 4.955713898835767406e-01
-4.148650204155823196e-01 4.954249784302243720e-01
-4.131930722020005775e-01 4.952794974902791636e-01
-4.115213957186339977e-01 4.951349369524447597e-01
-4.098499901883804752e-01 4.949912867054244159e-01
-4.081788548341397926e-01 4.948485366379221095e-01
-4.065079888788100115e-01 4.947066766386410963e-01
-4.048373915452903038e-01 4.945656965962851315e-01
-4.031670620564789531e-01 4.944255863995576372e-01
-4.014969996352756865e-01 4.942863359371624798e-01
-3.998272035045783435e-01 4.941479350978030260e-01
-3.981576728872864845e-01 4.940103737701831976e-01
-3.964884070062981714e-01 4.938736418430059727e-01
-3.948194050845130199e-01 4.937377292049754951e-01
-3.931506663448289807e-01 4.936026257447950205e-01
-3.914821900101454477e-01 4.934683213511683597e-01
-3.898139753033608712e-01 4.933348059127990459e-01
-3.881460214473744785e-01 4.932020693183906679e-01
-3.864783276650844424e-01 4.930701014566466478e-01
-3.848108931793901566e-01 4.929388922162706299e-01
-3.831437172131899604e-01 4.928084314859664805e-01
-3.814767989893830813e-01 4.926787091544375663e-01
-3.798101377308678028e-01 4.925497151103873650e-01
-3.781437326605431304e-01 4.924214392425196318e-01
-3.764775830013082358e-01 4.922938714395379001e-01
-3.748116879760614029e-01 4.921670015901458695e-01
-3.731460468077018588e-01 4.920408195830470732e-01
-3.714806587191277765e-01 4.919153153069449336e-01
-3.698155229332387717e-01 4.917904786505432058e-01
-3.681506386729328506e-01 4.916662995025455341e-01
-3.664860051611094072e-01 4.915427677516552296e-01
-3.648216216206667806e-01 4.914198732865761587e-01
-3.631574872745041427e-01 4.912976059960116881e-01
-3.614936013455199437e-01 4.911759557686657396e-01
-3.598299630566134111e-01 4.910549124932416243e-01
-3.581665716306828284e-01 4.909344660584429865e-01
-3.565034262906275342e-01 4.908146063529734149e-01
-3.548405262593455900e-01 4.906953232655364427e-01
-3.531778707597366673e-01 4.905766066848357143e-01
-3.515154590146988278e-01 4.904584464995749293e-01
-3.498532902471314654e-01 4.903408325984575655e-01
-3.481913636799327527e-01 4.902237548701872116e-01
-3.465296785360020837e-01 4.901072032034674564e-01
-3.448682340382377975e-01 4.899911674870018885e-01
-3.432070294095389551e-01 4.898756376094940412e-01
-3.415460638728041731e-01 4.897606034596477254e-01
-3.398853366509324569e-01 4.896460549261661965e-01
-3.382248469668223123e-01 4.895319818977533211e-01
-3.365645940433729666e-01 4.894183742631126321e-01
-3.349045771034827035e-01 4.893052219109477186e-01
-3.332447953700507504e-01 4.891925147299618359e-01
-3.315852480659755019e-01 4.890802426088590726e-01
-3.299259344141562411e-01 4.889683954363426288e-01
-3.282668536374911961e-01 4.888569631011163708e-01
-3.266080049588797052e-01 4.887459354918838317e-01
-3.249493876012201077e-01 4.886353024973486003e-01
-3.232910007874116864e-01 4.885250540062140989e-01
-3.216328437403526141e-01 4.884151799071840272e-01
-3.199749156829422847e-01 4.883056700889619184e-01
-3.183172158380789818e-01 4.881965144402515278e-01
-3.166597434286620993e-01 4.880877028497563330e-01
-3.150024976775896435e-01 4.879792252061797564e-01
-3.133454778077614522e-01 4.878710713982259417e-01
-3.116886830420750876e-01 4.877632313145977005e-01
-3.100321126034304431e-01 4.876556948439991768e-01
-3.083757657147254694e-01 4.875484518751337371e-01
-3.067196415988596714e-01 4.874414922967050812e-01
-3.050637394787311663e-01 4.873348059974166313e-01
-3.034080585772394589e-01 4.872283828659723093e-01
-3.017525981172826111e-01 4.871222127910752597e-01
-3.000973573217601276e-01 4.870162856614293490e-01
-2.984423354135701811e-01 4.869105913657382212e-01
-2.967875316156120546e-01 4.868051197927051321e-01
-2.951329451507841983e-01 4.866998608310341146e-01
-2.934785752419856175e-01 4.865948043694282577e-01
-2.918244211121149290e-01 4.864899402965917052e-01
-2.901704819840711935e-01 4.863852585012276575e-01
-2.885167570807528059e-01 4.862807488720397586e-01
-2.868632456250591045e-01 4.861764012977317084e-01
-2.852099468398882620e-01 4.860722056670070401e-01
-2.835568599481396168e-01 4.859681518685692869e-01
-2.819039841727115081e-01 4.858642297911220931e-01
-2.802513186768397779e-01 4.857604293017904196e-01
-2.785988586934455280e-01 4.856567388462126322e-01
-2.769465931528926617e-01 4.855531445905651444e-01
-2.752945104180075098e-01 4.854496324957617293e-01
-2.736425988516169028e-01 4.853461885227162709e-01
-2.719908468165482818e-01 4.852427986323427089e-01
-2.703392426756277001e-01 4.851394487855548721e-01
-2.686877747916828207e-01 4.850361249432666999e-01
-2.670364315275398082e-01 4.849328130663920211e-01
-2.653852012460261034e-01 4.848294991158447198e-01
-2.637340723099679818e-01 4.847261690525387912e-01
-2.620830330821929399e-01 4.846228088373881748e-01
-2.604320719255272532e-01 4.845194044313065884e-01
-2.587811772027982515e-01 4.844159417952078606e-01
-2.571303372768324325e-01 4.843124068900062085e-01
-2.554795405104570150e-01 4.842087856766151832e-01
-2.538287752664983854e-01 4.841050641159489465e-01
-2.521780299077839294e-01 4.840012281689212159e-01
-2.505272927971400887e-01 4.838972637964459311e-01
-2.488765522973941102e-01 4.837931569594370873e-01
-2.472257967713722693e-01 4.836888936188082910e-01
-2.455750145819022290e-01 4.835844597354737040e-01
-2.439241940918100982e-01 4.834798412703472659e-01
-2.422733236639232901e-01 4.833750241843426942e-01
-2.406223916610682190e-01 4.832699944383737622e-01
-2.389713864460722426e-01 4.831647379933547981e-01
-2.373202963817616362e-01 4.830592408101992419e-01
-2.356691098309639243e-01 4.829534888498212553e-01
-2.340178151565052711e-01 4.828474680731346114e-01
-2.323664007212131177e-01 4.827411644410532499e-01
-2.307148548879138783e-01 4.826345639144910549e-01
-2.290631660194349106e-01 4.825276524543619106e-01
-2.274113224786025178e-01 4.824204160215797010e-01
-2.257593126282441132e-01 4.823128405770584770e-01
-2.241071248311859443e-01 4.822049120817117340e-01
-2.224547474502555910e-01 4.820966164964538003e-01
-2.208021688482790790e-01 4.819879397821982270e-01
-2.191493773880841822e-01 4.818788678998592312e-01
-2.174963614324969818e-01 4.817693868103505306e-01
-2.158431093443449189e-01 4.816594824745858983e-01
-2.141896094864542965e-01 4.815491408534793849e-01
-2.125358502216525558e-01 4.814383479079448191e-01
-2.108818199127660831e-01 4.813270895988962517e-01
-2.092275069226220974e-01 4.812153518872473446e-01
-2.075728996140470961e-01 4.811031207339121485e-01
-2.059179863498684093e-01 4.809903820998043811e-01
-2.042627554929123679e-01 4.808771219458382040e-01
-2.026071954060062741e-01 4.807633262329271684e-01
-2.009512944519767086e-01 4.806489809219856579e-01
-1.992950409936507794e-01 4.805340719739270017e-01
-1.976384233938550117e-01 4.804185853496654168e-01
-1.959814300154166800e-01 4.803025070101147320e-01
-1.943240492211621706e-01 4.801858229161888314e-01
-1.926662693739188692e-01 4.800685190288017101e-01
-1.910080788365131066e-01 4.799505813088671413e-01
-1.893494659717722961e-01 4.798319957172990091e-01
-1.876904191425227408e-01 4.797127482150111977e-01
-1.860309267115918264e-01 4.795928247629177021e-01
-1.843709770418059390e-01 4.794722113219324067e-01
-1.827105584959923257e-01 4.793508938529688623e-01
-1.810496594369774837e-01 4.792288583169414529e-01
-1.793882682275887985e-01 4.791060906747640069e-01
-1.777263732306524346e-01 4.789825768873500755e-01
-1.760639628089959718e-01 4.788583029156138204e-01
-1.744010253254455745e-01 4.787332547204689592e-01
-1.727375491428288223e-01 4.786074182628296536e-01
-1.710735226239718521e-01 4.784807795036095657e-01
-1.694089341317022157e-01 4.783533244037226351e-01
-1.677437720288461331e-01 4.782250389240827460e-01
-1.660780246782307956e-01 4.780959090256038935e-01
-1.644116804426832834e-01 4.779659206691998508e-01
-1.627447276850299829e-01 4.778350598157844464e-01
-1.610771547680983073e-01 4.777033124262719532e-01
-1.594089500547144767e-01 4.775706644615758112e-01
-1.577401019077059596e-01 4.774371018826100155e-01
-1.560705986898990594e-01 4.773026106502886723e-01
-1.544004287641211892e-01 4.771671767255254992e-01
-1.527295804931986523e-01 4.770307860692344359e-01
-1.510580422399589173e-01 4.768934246423293666e-01
-1.493858023672282320e-01 4.767550784057241753e-01
-1.477128492378340097e-01 4.766157333203327462e-01
-1.460391712146025256e-01 4.764753753470688524e-01
-1.443647566603613319e-01 4.763339904468467667e-01
-1.426895939379366207e-01 4.761915645805799846e-01
-1.410136714101557776e-01 4.760480837091825013e-01
-1.393369774398452166e-01 4.759035337935682564e-01
-1.376595003898323233e-01 4.757579007946512450e-01
-1.359812286229433176e-01 4.756111706733452404e-01
-1.343021505020057238e-01 4.754633293905640712e-01
-1.326222543898458173e-01 4.753143629072218990e-01
-1.309415286492910113e-01 4.751642571842322749e-01
-1.292599616431675813e-01 4.750129981825092496e-01
-1.275775417343030238e-01 4.748605718629667627e-01
-1.258942572855234754e-01 4.747069641865184209e-01
-1.242100966596565575e-01 4.745521611140785523e-01
-1.225250482195284624e-01 4.743961486065609301e-01
-1.208391003279666309e-01 4.742389126248791609e-01
-1.191522413477973663e-01 4.740804391299474063e-01
-1.174644596418481235e-01 4.739207140826794395e-01
-1.157757435729451223e-01 4.737597234439892557e-01
-1.140860815039158871e-01 4.735974531747907945e-01
-1.123954617975866377e-01 4.734338892359977735e-01
-1.107038728167848013e-01 4.732690175885240769e-01
-1.090113029243366949e-01 4.731028241932836442e-01
-1.073177404830698151e-01 4.729352950111905263e-01
-1.056231738558103400e-01 4.727664160031585516e-01
-1.039275914053857525e-01 4.725961731301013824e-01
-1.022309814946223694e-01 4.724245523529331248e-01
-1.005333324863475347e-01 4.722515396325674963e-01
-9.883463274338769033e-02 4.720771209299188254e-01
-9.713487062857009691e-02 4.719012822059004963e-01
-9.543403450472116856e-02 4.717240094214266710e-01
-9.373211273466830473e-02 4.715452885374111225e-01
-9.202909368123776690e-02 4.713651055147678459e-01
-9.032496570725702389e-02 4.711834463144107255e-01
-8.861971717555233718e-02 4.710002968972534232e-01
-8.691333644895114785e-02 4.708156432242101008e-01
-8.520581189027975899e-02 4.706294712561946980e-01
-8.349713804489748703e-02 4.704417623254162906e-01
-8.178736172881152788e-02 4.702524586303777898e-01
-8.007655603263182098e-02 4.700614826984554351e-01
-7.836479424574289976e-02 4.698687569082070636e-01
-7.665214965753044951e-02 4.696742036381904573e-01
-7.493869555737907306e-02 4.694777452669634532e-01
-7.322450523467445571e-02 4.692793041730839443e-01
-7.150965197880113089e-02 4.690788027351096012e-01
-6.979420907914482552e-02 4.688761633315985944e-01
-6.807824982509007306e-02 4.686713083411084280e-01
-6.636184750602261428e-02 4.684641601421971613e-01
-6.464507541132698265e-02 4.682546411134224651e-01
-6.292800683038886345e-02 4.680426736333421767e-01
-6.121071505259284562e-02 4.678281800805141333e-01
-5.949327336732464222e-02 4.676110828334964498e-01
-5.777575506396877281e-02 4.673913042708466303e-01
-5.605823343191070063e-02 4.671687667711226233e-01
-5.434078176053579873e-02 4.669433927128824324e-01
-5.262347333922863524e-02 4.667151044746835620e-01
-5.090638145737493014e-02 4.664838244350841268e-01
-4.918957940435920995e-02 4.662494749726416865e-01
-4.747314046956722933e-02 4.660119784659143560e-01
-4.575713794238347315e-02 4.657712572934599171e-01
-4.404164511219372385e-02 4.655272338338361515e-01
-4.232673526838248712e-02 4.652798304656007855e-01
-4.061248170033547600e-02 4.650289695673118229e-01
-3.889895769743724474e-02 4.647745735175270454e-01
-3.718623654907351334e-02 4.645165646948043459e-01
-3.547439154462883604e-02 4.642548654777014505e-01
-3.376349597348889120e-02 4.639893982447761966e-01
-3.205362312503828165e-02 4.637200853745865325e-01
-3.034484628866265798e-02 4.634468492456902955e-01
-2.863723875374662303e-02 4.631696122366451562e-01
-2.693087380967584127e-02 4.628882967260090631e-01
-2.522582474583490164e-02 4.626028250923399088e-01
-2.352216485160949638e-02 4.623131197141954196e-01
-2.181996741638416587e-02 4.620191029701334329e-01
-2.011930572954465091e-02 4.617206972387119523e-01
-1.842025308047546411e-02 4.614178248984885378e-01
-1.672288275856234976e-02 4.611104083280213040e-01
-1.502726805318984823e-02 4.607983699058677551e-01
-1.333348225374365349e-02 4.604816320105862282e-01
-1.164159864960832673e-02 4.601601170207340608e-01
-9.951690530169577525e-03 4.598337473148693122e-01
-8.263831184811977482e-03 4.595024452715498198e-01
-6.578093902921206687e-03 4.591661332693334763e-01
-4.894551973881817661e-03 4.588247336867779524e-01
-3.213278687079555111e-03 4.584781689024411966e-01
-1.534347331898902600e-03 4.581263612948809905e-01
1.421688022743665403e-04 4.577692332426552269e-01
1.816196426055712802e-03 4.574067071243217431e-01
3.487662250059440049e-03 4.570387053184383208e-01
5.156492984901009206e-03 4.566651502035627974e-01
6.822615341194682506e-03 4.562859641582531212e-01
8.485956029555931715e-03 4.559010695610670183e-01
1.014644176059902383e-02 4.555103887905623816e-01
1.180399924493942716e-02 4.551138442252968819e-01
1.345855519319143732e-02 4.547113582438286339e-01
1.511003631597048098e-02 4.543028532247151974e-01
1.675836932389086764e-02 4.538882515465146317e-01
1.840348092756803264e-02 4.534674755877847185e-01
2.004529783761627160e-02 4.530404477270831287e-01
2.168374676465103026e-02 4.526070903429678105e-01
2.331875441928660947e-02 4.521673258139967122e-01
2.495024751213844802e-02 4.517210765187275046e-01
2.657815275382085368e-02 4.512682648357183024e-01
2.820239685494923751e-02 4.508088131435265544e-01
2.982290652613792115e-02 4.503426438207103200e-01
3.143960847800236075e-02 4.498696792458273253e-01
3.305242942115681898e-02 4.493898417974354631e-01
3.466129606621674158e-02 4.489030538540925708e-01
3.626613512379647797e-02 4.484092377943566521e-01
3.786687330451139061e-02 4.479083159967852112e-01
3.946343731897583584e-02 4.474002108399365296e-01
4.105575387780524554e-02 4.468848447023679449e-01
4.264374969161388584e-02 4.463621399626375164e-01
4.422735147101723024e-02 4.458320189993030258e-01
4.580648592662957264e-02 4.452944041909225326e-01
4.738107976906633795e-02 4.447492179160535408e-01
4.895105970894213232e-02 4.441963825532541099e-01
5.051635245687153414e-02 4.436358204810821881e-01
5.207688472346994751e-02 4.430674540780952242e-01
5.363258321935174266e-02 4.424912057228513884e-01
5.518337465513227513e-02 4.419069977939082960e-01
5.672918574142591513e-02 4.413147526698240064e-01
5.826994318884805985e-02 4.407143927291561347e-01
5.980557370801303785e-02 4.401058403504627958e-01
6.133600400953630183e-02 4.394890179123015495e-01
6.286116080403209017e-02 4.388638477932303994e-01
6.438097080211588330e-02 4.382302523718069054e-01
6.589536071440196818e-02 4.375881540265893488e-01
6.740425725150579750e-02 4.369374751361351228e-01
6.890758712404167208e-02 4.362781380790023977e-01
7.040527704262503073e-02 4.356100652337489554e-01
7.189725371787014652e-02 4.349331789789324665e-01
7.338344386039247214e-02 4.342474016931108238e-01
7.486377418080633617e-02 4.335526557548420312e-01
7.633817138972714966e-02 4.328488635426835929e-01
7.780656219776922733e-02 4.321359474351937346e-01
7.926887331554798022e-02 4.314138298109300718e-01
8.072503145367775079e-02 4.306824330484504415e-01
8.217496332277393623e-02 4.299416795263126811e-01
8.361859563345087898e-02 4.291914916230747945e-01
8.505585509632393459e-02 4.284317917172942303e-01
8.648666842200752880e-02 4.276625021875293253e-01
8.791096232111700326e-02 4.268835454123374729e-01
8.932866350426674207e-02 4.260948437702768987e-01
9.073969868207207301e-02 4.252963196399050516e-01
9.214399456514739406e-02 4.244878953997802129e-01
9.354147786410807464e-02 4.236694934284597203e-01
9.493207528956844332e-02 4.228410361045016885e-01
9.631571355214395280e-02 4.220024458064638995e-01
9.769231936244895942e-02 4.211536449129045234e-01
9.906181943109873544e-02 4.202945558023807315e-01
1.004241404687077621e-01 4.194251008534509162e-01
1.017792091858913534e-01 4.185452024446725816e-01
1.031269522932878879e-01 4.176547829546343737e-01
1.044673195568072838e-01 4.167537942368299553e-01
1.058003501737072305e-01 4.158423024778510890e-01
1.071261050226229028e-01 4.149204015827461234e-01
1.084446449821883651e-01 4.139881854565633512e-01
1.097560309310388060e-01 4.130457480043507879e-01
1.110603237478084010e-01 4.120931831311573923e-01
1.123575843111322692e-01 4.111305847420308468e-01
1.136478734996445028e-01 4.101580467420197218e-01
1.149312521919803043e-01 4.091756630361721991e-01
1.162077812667738630e-01 4.081835275295369048e-01
1.174775216026601732e-01 4.071817341271616875e-01
1.187405340782735491e-01 4.061703767340952842e-01
1.199968795722489989e-01 4.051495492553855993e-01
1.212466189632208091e-01 4.041193455960813141e-01
1.224898131298239740e-01 4.030798596612303886e-01
1.237265229506927522e-01 4.020311853558815596e-01
1.249568093044621936e-01 4.009734165850825649e-01
1.261807330697665430e-01 3.999066472538823080e-01
1.273983551252408364e-01 3.988309712673285268e-01
1.286097363495193047e-01 3.977464825304700691e-01
1.298149376212370532e-01 3.966532749483547282e-01
1.310140198190282435e-01 3.955514424260311857e-01
1.322070438215280364e-01 3.944410788685475677e-01
1.333940705073705379e-01 3.933222781809523894e-01
1.345751607551909090e-01 3.921951342682935548e-01
1.357503754436235055e-01 3.910597410356197456e-01
1.369197754513027943e-01 3.899161923879791991e-01
1.380834216568638251e-01 3.887645822304199306e-01
1.392413749389408983e-01 3.876050044679906215e-01
1.403936961761690083e-01 3.864375530057393981e-01
1.415404462471823721e-01 3.852623217487146645e-01
1.426816860306160950e-01 3.840794046019646579e-01
1.438174764051043941e-01 3.828888954705377268e-01
1.449478782492822915e-01 3.816908882594818309e-01
1.460729524417840597e-01 3.804854768738460402e-01
1.471927598612447208e-01 3.792727552186778706e-01
1.483073613862985474e-01 3.780528171990261144e-01
1.494168178955805892e-01 3.768257567199387315e-01
1.505211902677250357e-01 3.755916676864645143e-01
1.516205393813669644e-01 3.743506440036510896e-01
1.527149261151406756e-01 3.731027795765474719e-01
1.538044113476811359e-01 3.718481683102013435e-01
1.548890559576225900e-01 3.705869041096616634e-01
1.559689208236001157e-01 3.693190808799759473e-01
1.570440668242479576e-01 3.680447925261933761e-01
1.581145548382011934e-01 3.667641329533615213e-01
1.591804457440939569e-01 3.654771960665291752e-01
1.602418004205613811e-01 3.641840757707441867e-01
1.612986797462377109e-01 3.628848659710553481e-01
1.623511445997579683e-01 3.615796605725105639e-01
1.633992558597563982e-01 3.602685534801584599e-01
1.644430744048679949e-01 3.589516385990469960e-01
1.654826611137271697e-01 3.576290098342250756e-01
1.665180768649687226e-01 3.563007610907401035e-01
1.675493825372271484e-01 3.549669862736413162e-01
1.685766390091372746e-01 3.536277792879762849e-01
1.695999071593335128e-01 3.522832340387939132e-01
1.706192478664508017e-01 3.509334444311419388e-01
1.716347220091234138e-01 3.495785043700692096e-01
1.726463904659863990e-01 3.482185077606234636e-01
1.736543141156740577e-01 3.468535485078535485e-01
1.746585538368213009e-01 3.454837205168073133e-01
1.756591705080625399e-01 3.441091176925336059e-01
1.766562250080326579e-01 3.427298339400799976e-01
1.776497782153660110e-01 3.413459631644955583e-01
1.786398910086976211e-01 3.399575992708280814e-01
1.796266242666616775e-01 3.385648361641260817e-01
1.806100388678932855e-01 3.371677677494376857e-01
1.815901956910267179e-01 3.357664879318115747e-01
1.825671556146968855e-01 3.343610906162954866e-01
1.835409795175381720e-01 3.329516697079383802e-01
1.845117282781855439e-01 3.315383191117878825e-01
1.854794627752732461e-01 3.301211327328929523e-01
1.864442438874363839e-01 3.287002044763012720e-01
1.874061324933092021e-01 3.272756282470618561e-01
1.883651894715266117e-01 3.258474979502223312e-01
1.893214757007229965e-01 3.244159074908314344e-01
1.902750520595333783e-01 3.229809507739371255e-01
1.912259794265919743e-01 3.215427217045881969e-01
1.921743186805338344e-01 3.201013141878324419e-01
1.931201306999932310e-01 3.186568221287184866e-01
1.940634763636051030e-01 3.172093394322944016e-01
1.950044165500038063e-01 3.157589600036088684e-01
1.959430121378243905e-01 3.143057777477097914e-01
1.968793240057010452e-01 3.128498865696457409e-01
1.978134130322688200e-01 3.113913803744648434e-01
1.987453400961620154e-01 3.099303530672155582e-01
1.996751660760155422e-01 3.084668985529460672e-01
2.006029518504638398e-01 3.070011107367047742e-01
2.015287582981417636e-01 3.055330835235397502e-01
2.024526462976838914e-01 3.040629108184995655e-01
2.033746767277245515e-01 3.025906865266325685e-01
2.042949104668989324e-01 3.011165045529867745e-01
2.052134083938411402e-01 2.996404588026108651e-01
2.061302313871863356e-01 2.981626431805527999e-01
2.070454403255687081e-01 2.966831515918612050e-01
2.079590960876232519e-01 2.952020779415838736e-01
2.088712595519843229e-01 2.937195161347698202e-01
2.097819915972868321e-01 2.922355600764666161e-01
2.106913531021652186e-01 2.907503036717232758e-01
2.115994049452542825e-01 2.892638408255874816e-01
2.125062080051884350e-01 2.877762654431080258e-01
2.134118231606026428e-01 2.862876714293327574e-01
2.143163112901312339e-01 2.847981526893104687e-01
2.152197332724091472e-01 2.833078031280890641e-01
2.161221499860707662e-01 2.818167166507171695e-01
2.170236223097509742e-01 2.803249871622426337e-01
2.179242111220841271e-01 2.788327085677143602e-01
2.188239773017052192e-01 2.773399747721801423e-01
2.197229817272485508e-01 2.758468796806886614e-01
2.206212852773490884e-01 2.743535171982878773e-01
2.215189488306411048e-01 2.728599812300264715e-01
2.224160332657596773e-01 2.713663656809522928e-01
2.233125994613390508e-01 2.698727644561141892e-01
2.242087082960141919e-01 2.683792714605599539e-01
2.251044206484194565e-01 2.668859805993383794e-01
2.259997974007762200e-01 2.653929855764794454e-01
2.268948996374995086e-01 2.639003687630482320e-01
2.277897887491565354e-01 2.624081953703487069e-01
2.286845261518202221e-01 2.609165291800684128e-01
2.295791732615640734e-01 2.594254339738939485e-01
2.304737914944607613e-01 2.579349735335126903e-01
2.313684422665838181e-01 2.564452116406112370e-01
2.322631869940060545e-01 2.549562120768771312e-01
2.331580870928009475e-01 2.534680386239968608e-01
2.340532039790412244e-01 2.519807550636578020e-01
2.349485990688003623e-01 2.504944251775466091e-01
2.358443337781513660e-01 2.490091127473509081e-01
2.367404695231675182e-01 2.475248815547570203e-01
2.376370677199216852e-01 2.460417953814525438e-01
2.385341897844871772e-01 2.445599180091239389e-01
2.394318971329371104e-01 2.430793132194588591e-01
2.403302511813446840e-01 2.416000447941436535e-01
2.412293133457828198e-01 2.401221765148659482e-01
2.421291450423249392e-01 2.386457721633122031e-01
2.430298076870439639e-01 2.371708955211699332e-01
2.439313626960132042e-01 2.356976103701257375e-01
2.448338714853055265e-01 2.342259804918669919e-01
2.457373954709944075e-01 2.327560696680803509e-01
2.466419960691527136e-01 2.312879416804533017e-01
2.475477346958538383e-01 2.298216603106723044e-01
2.484546727671705368e-01 2.283572893404248461e-01
2.493628716991764804e-01 2.268948925513976089e-01
2.502723929079441745e-01 2.254345337252779136e-01
2.511832978095473456e-01 2.239762766437523867e-01
2.520956478200587214e-01 2.225201850885085431e-01
2.530095043555516954e-01 2.210663228412328429e-01
2.539249288320991615e-01 2.196147536836128566e-01
2.548419826657745690e-01 2.181655413973350999e-01
2.557607272726507008e-01 2.167187497640870320e-01
2.566812240688009505e-01 2.152744425655551963e-01
2.576035344702983787e-01 2.138326835834271356e-01
2.585277198932161569e-01 2.123935365993893376e-01
2.594538417536272901e-01 2.109570653951294006e-01
2.603819614676051719e-01 2.095233337523336459e-01
2.613121404512226964e-01 2.080924054526895606e-01
2.622444401205530351e-01 2.066643442778842987e-01
2.631789218916694151e-01 2.052392140096043760e-01
2.641156471806448414e-01 2.038170784295373628e-01
2.650546774035527631e-01 2.023980013193696914e-01
2.659960739764658522e-01 2.009820464607889323e-01
2.669398983154576133e-01 1.995692776354816012e-01
2.678862118366010514e-01 1.981597586251352128e-01
2.688350759559693937e-01 1.967535532114362828e-01
2.697865520896354230e-01 1.953507251760722985e-01
2.707407016536728661e-01 1.939513383007298031e-01
2.716975860641542839e-01 1.925554563670963115e-01
2.726572667371532921e-01 1.911631431568583395e-01
2.736198050887426736e-01 1.897744624517034018e-01
2.745852625349957665e-01 1.883894780333180141e-01
2.755537004919855204e-01 1.870082536833896913e-01
2.765251803757853843e-01 1.856308531836049491e-01
2.774997636024680858e-01 1.842573403156513301e-01
2.784775115881071295e-01 1.828877788612152666e-01
2.794584857487754648e-01 1.815222326019844123e-01
2.804427475005463744e-01 1.801607653196451719e-01
2.814303582594926412e-01 1.788034407958850602e-01
2.824213794416879364e-01 1.774503228123907317e-01
2.834158724632048210e-01 1.761014751508494514e-01
2.844138987401170215e-01 1.747569615929480125e-01
2.854155196884971546e-01 1.734168459203737356e-01
2.864207967244187247e-01 1.720811919148132196e-01
2.874297912639545705e-01 1.707500633579539795e-01
2.884425647231781409e-01 1.694235240314825308e-01
2.894591785181622745e-01 1.681016377170862774e-01
2.904796940649803649e-01 1.667844681964519571e-01
2.915041727797053062e-01 1.654720792512668903e-01
2.925326760784104918e-01 1.641645346632177316e-01
2.935652653771687604e-01 1.628618982139918292e-01
2.946020020920535609e-01 1.615642336852758931e-01
2.956429476391378430e-01 1.602716048587572994e-01
2.966881634344948337e-01 1.589840755161226471e-01
2.977377108941974826e-01 1.577017094390593677e-01
2.987916514343192387e-01 1.564245704092540601e-01
2.998500464709329960e-01 1.551527222083942115e-01
3.009129574201119817e-01 1.538862286181663375e-01
3.019804456979292562e-01 1.526251534202579530e-01
3.030525727204581021e-01 1.513695603963555736e-01
3.041293999037714135e-01 1.501195133281466865e-01
3.052109886639426950e-01 1.488750759973178628e-01
3.062974004170447295e-01 1.476363121855565896e-01
3.073886965791509107e-01 1.464032856745494104e-01
3.084849385663340215e-01 1.451760602459837568e-01
3.095861877946678442e-01 1.439546996815462832e-01
3.106925056802246621e-01 1.427392677629243378e-01
3.118039536390784239e-01 1.415298282718046308e-01
3.129205930873016905e-01 1.403264449898744826e-01
3.140424854409679112e-01 1.391291816988205754e-01
3.151696921161500353e-01 1.379381021803302576e-01
3.163022745289213455e-01 1.367532702160902114e-01
3.174402940953548469e-01 1.355747495877878406e-01
3.185838122315239884e-01 1.344026040771097719e-01
3.197328903535014422e-01 1.332368974657433813e-01
3.208875898773607682e-01 1.320776935353753234e-01
3.220479722191746386e-01 1.309250560676929742e-01
3.232140987950167244e-01 1.297790488443829326e-01
3.243860310209596420e-01 1.286397356471327136e-01
3.255638303130770628e-01 1.275071802576288882e-01
3.267475580874418251e-01 1.263814464575586383e-01
3.279372757601268784e-01 1.252625980286091456e-01
3.291330447472057830e-01 1.241506987524671618e-01
3.303349264647513217e-01 1.230458124108199935e-01
3.315429823288368882e-01 1.219480027853542953e-01
3.327572737555353211e-01 1.208573336577574292e-01
3.339778621609201248e-01 1.197738688097160914e-01
3.352048089610640824e-01 1.186976720229176441e-01
3.364381755720406986e-01 1.176288070790487555e-01
3.376780234099226452e-01 1.165673377597967603e-01
3.389244138907835935e-01 1.155133278468483682e-01
3.401774084306962709e-01 1.144668411218909554e-01
3.414370684457341265e-01 1.134279413666111208e-01
3.427034553519698878e-01 1.123966923626962544e-01
3.439766305654771150e-01 1.113731578918330523e-01
3.452566552435307745e-01 1.103574015367442401e-01
3.465435540881647847e-01 1.093494588532381295e-01
3.478372780512665741e-01 1.083493086977611042e-01
3.491377691847416531e-01 1.073569230844220318e-01
3.504449695404945331e-01 1.063722740273303213e-01
3.517588211704310019e-01 1.053953335405948821e-01
3.530792661264554044e-01 1.044260736383251092e-01
3.544062464604735840e-01 1.034644663346298704e-01
3.557397042243899410e-01 1.025104836436186440e-01
3.570795814701101523e-01 1.015640975794002143e-01
3.584258202495388401e-01 1.006252801560840876e-01
3.597783626145817371e-01 9.969400338777914539e-02
3.611371506171430767e-01 9.877023928859469948e-02
3.625021263091287582e-01 9.785395987263974249e-02
3.638732317424432927e-01 9.694513715402368337e-02
3.652504089689921907e-01 9.604374314685532044e-02
3.666336000406800189e-01 9.514974986524410427e-02
3.680227470094126208e-01 9.426312932329898586e-02
3.694177919270943411e-01 9.338385353512930476e-02
3.708186768456309679e-01 9.251189451484398418e-02
3.722253438169268458e-01 9.164722427655240533e-02
3.736377348928877629e-01 9.078981483436346367e-02
3.750557921254183968e-01 8.993963820238663753e-02
3.764794575664240917e-01 8.909666639473068361e-02
3.779086732678095806e-01 8.826087142550512188e-02
3.793433812814804851e-01 8.743222530881876453e-02
3.807835236593414274e-01 8.661070005878111766e-02
3.822290424532977515e-01 8.579626768950096571e-02
3.836798797152543572e-01 8.498890021508778703e-02
3.851359774971168104e-01 8.418856964965044931e-02
3.865972778507894558e-01 8.339524800729834764e-02
3.880637228281779705e-01 8.260890730214036359e-02
3.895352544811872542e-01 8.182951954828598939e-02
3.910118148617225398e-01 8.105705675984399561e-02
3.924933460216886716e-01 8.029149095092388833e-02
3.939797900129909936e-01 7.953279413563449363e-02
3.954710888875342945e-01 7.878093832808524821e-02
3.969671846972239182e-01 7.803589554238501980e-02
3.984680194939648756e-01 7.729763779264324508e-02
3.999735353296624552e-01 7.656613709296880566e-02
4.014836742562214456e-01 7.584136545747112435e-02
4.029983783255471352e-01 7.512329490025904111e-02
4.045175895895444795e-01 7.441189743544202040e-02
4.060412501001188779e-01 7.370714507712892993e-02
4.075693019091748970e-01 7.300900983942916478e-02
4.091016870686182139e-01 7.231746373645162040e-02
4.106383476303533953e-01 7.163247878230573351e-02
4.121792256462860626e-01 7.095402699110037181e-02
4.137242631683210048e-01 7.028208037694479160e-02
4.152734022483630660e-01 6.961661095394830467e-02
4.168265849383178678e-01 6.895759073621980650e-02
4.183837532900901435e-01 6.830499173786867828e-02
4.199448493555852369e-01 6.765878597300381547e-02
4.215098151867078813e-01 6.701894545573465478e-02
4.230785928353636982e-01 6.638544220017005004e-02
4.246511243534571989e-01 6.575824822041941020e-02
4.262273517928940603e-01 6.513733553059167236e-02
4.278072172055787381e-01 6.452267614479616220e-02
4.293906626434170204e-01 6.391424207714187233e-02
4.309776301583133074e-01 6.331200534173811456e-02
4.325680618021733315e-01 6.271593795269386762e-02
4.341618996269016040e-01 6.212601192411845025e-02
4.357590856844038019e-01 6.154219927012082036e-02
4.373595620265844919e-01 6.096447200481035222e-02
4.389632707053492955e-01 6.039280214229596905e-02
4.405701537726027239e-01 5.982716169668702427e-02
4.421801532802503987e-01 5.926752268209246888e-02
4.437932112801969975e-01 5.871385711262165630e-02
4.454092698243479753e-01 5.816613700238353057e-02
4.470282709646079544e-01 5.762433436548744514e-02
4.486501567528827228e-01 5.708842121604235098e-02
4.502748692410764586e-01 5.655836956815757377e-02
4.519023504810953384e-01 5.603415143594210612e-02
4.535325425248435405e-01 5.551573883350525984e-02
4.551653874242267417e-01 5.500310377495600672e-02
4.568008272311496198e-01 5.449621827440367938e-02
4.584388039975176854e-01 5.399505434595723574e-02
4.600792597752354496e-01 5.349958400372601536e-02
4.617221366162087004e-01 5.300977926181898309e-02
4.633673765723420046e-01 5.252561213434549237e-02
4.650149216955408171e-01 5.204705463541446642e-02
4.666647140377099268e-01 5.157407877913527255e-02
4.683166956507547329e-01 5.110665657961686176e-02
4.699708085865799134e-01 5.064476005096855971e-02
4.716269948970910342e-01 5.018836120729935207e-02
4.732851966341927175e-01 4.973743206271855760e-02
4.749453558497906402e-01 4.929194463133515502e-02
4.766074145957892583e-01 4.885187092725845615e-02
4.782713149240942485e-01 4.841718296459744664e-02
4.799369988866101777e-01 4.798785275746143830e-02
4.816044085352427229e-01 4.756385231995943069e-02
4.832734859218961732e-01 4.714515366620070091e-02
4.849441730984765941e-01 4.673172881029427628e-02
4.866164121168881640e-01 4.632354976634944776e-02
4.882901450290368928e-01 4.592058854847521493e-02
4.899653138868270141e-01 4.552281717078087570e-02
4.916418607421641496e-01 4.513020764737542267e-02
4.933197276469529768e-01 4.474273199236815379e-02
4.949988566530991729e-01 4.436036221986808248e-02
4.966791898125072491e-01 4.398307034398449278e-02
4.983606691770829933e-01 4.361082837882641200e-02
5.000432367987305282e-01 4.324360833850308949e-02
5.017268347293559749e-01 4.288138223712358033e-02
5.034114050208635671e-01 4.252412208879713384e-02
5.050968897251590928e-01 4.217179990763279818e-02
5.067832308941470076e-01 4.182438770773982267e-02
5.084703705797330997e-01 4.148185750322724158e-02
5.101582508338216027e-01 4.114418130820433894e-02
5.118468137083185265e-01 4.081133113678012125e-02
5.135360012551283271e-01 4.048327900306387950e-02
5.152257555261565702e-01 4.015999692116462710e-02
5.169160185733077117e-01 3.984145690519164118e-02
5.186067324484876506e-01 3.952763096925395597e-02
5.202978392036009536e-01 3.921849112746076532e-02
5.219892808905525206e-01 3.891400939392128389e-02
5.236809995612481394e-01 3.861415778274455285e-02
5.253729372675921550e-01 3.831890830803982156e-02
5.270650360614903551e-01 3.802823298391614509e-02
5.287572379948470847e-01 3.774210382448275891e-02
5.304494851195682426e-01 3.746049284384872502e-02
5.321417194875581735e-01 3.718337205612327889e-02
5.338338831507227766e-01 3.691071347541548947e-02
5.355259181609663965e-01 3.664248911583459917e-02
5.372177665701945992e-01 3.637867099148964223e-02
5.389093704303121735e-01 3.611923111648988882e-02
5.406006717932245742e-01 3.586414150494438013e-02
5.422916127108363682e-01 3.561337417096235858e-02
5.439821352350532324e-01 3.536690112865287922e-02
5.456721814177798446e-01 3.512469439212519140e-02
5.473616933109215488e-01 3.488672597548834325e-02
5.490506129663832446e-01 3.465296789285157719e-02
5.507388824360701651e-01 3.442339215832396215e-02
5.524264437718872101e-01 3.419797078601471974e-02
5.541132390257399454e-01 3.397667579003292582e-02
5.557992102495326048e-01 3.375947918448780199e-02
5.574842994951714203e-01 3.354635298348843803e-02
5.591684488145605147e-01 3.333726920114403469e-02
5.608516002596055650e-01 3.313219985156368869e-02
5.625336958822112488e-01 3.293111694885660773e-02
5.642146777342832431e-01 3.273399250713186770e-02
5.658944878677258927e-01 3.254079854049870407e-02
5.675730683344448746e-01 3.235150706306617191e-02
5.692503611863447555e-01 3.216609008894350669e-02
5.709263084753313233e-01 3.198451963223979122e-02
5.726008522533090339e-01 3.180676770706424017e-02
5.742739345721835642e-01 3.163280632752592247e-02
5.759454974838593699e-01 3.146260750773407361e-02
5.776154830402422391e-01 3.129614326179776945e-02
5.792838332932364054e-01 3.113338560382621772e-02
5.809504902947478788e-01 3.097430654792850124e-02
5.826153960966811152e-01 3.081887810821385201e-02
5.842784927509416804e-01 3.066707229879133897e-02
5.859397223094341411e-01 3.051886113377018026e-02
5.875990268240640635e-01 3.037421662725945867e-02
5.892563483467360141e-01 3.023311079336838195e-02
5.909116289293558921e-01 3.009551564620605718e-02
5.925648106238278201e-01 2.996140319988166434e-02
5.942158354820576971e-01 2.983074546850431746e-02
5.958646455559502009e-01 2.970351446618321734e-02
5.975111828974107864e-01 2.957968220702746065e-02
5.991553895583439093e-01 2.945922070514623431e-02
6.007972075906554688e-01 2.934210197464865583e-02
6.024365790462496983e-01 2.922829802964390863e-02
6.040734459770326081e-01 2.911778088424111025e-02
6.057077504349084318e-01 2.901052255254943715e-02
6.073394344717829574e-01 2.890649504867801034e-02
6.089684401395608626e-01 2.880567038673601324e-02
6.105947094901472694e-01 2.870802058083254948e-02
6.122181845754475216e-01 2.861351764507682333e-02
6.138388074473664080e-01 2.852213359357792452e-02
6.154565201578090505e-01 2.843384044044505038e-02
6.170712647586812372e-01 2.834861019978732882e-02
6.186829833018867575e-01 2.826641488571392247e-02
6.202916178393319546e-01 2.818722651233395229e-02
6.218971104229211733e-01 2.811101709375660868e-02
6.234994031045599794e-01 2.803775864409099872e-02
